48260820
49455837
81912212
44059588
36647934
73493381
67608348
63288108
27992796
71541777
51034274
73025560
73880893
69882948
66538495
76461481
14147767
11284500
35289492
28999019
70454062
12642479
12744080
73664264
5655300
71111930
7642273
13416778
51078732
43385624
14283679
9842812
32832409
27757789
1593133
20093572
46456924
69880859
32973022
6526920
73106361
46396917
71764034
74986995
5237018
71357774
31422265
32696812
64438436
73592842
49279448
75230079
41105081
4362480
61714936
32829059
56452426
9916394
81731921
34846447
30745779
26247820
77560182
13318290
37963723
39637691
62096287
58046916
71291104
81136325
12183118
13090265
26322345
15934349
66931072
44055692
79595943
70962805
78715762
55483747
81189441
62996732
76669366
66520498
13706470
77298563
1138456
17408682
55125723
35674881
78771677
5973104
12671741
5920548
53033335
52202028
32742868
32694489
73935100
35931627
54477611
59874877
40907776
66604411
66946472
19630402
76540947
1468515
55106783
16387626
71195373
33203829
32694598
75315699
15352106
73670786
33418511
72026645
75984551
81246532
81441308
11523582
62150855
2814921
58052939
69531864
79965969
22407482
49704024
51966000
54455607
50632032
1082106
383992
77887335
66410462
74610722
44048832
51840845
67605074
37471465
71680857
59945659
59751805
33879475
66705000
48722666
70054330
53543685
77861306
12881355
10082006
13187375
12619939
53022962
76670271
69307774
47633405
23368528
31756085
42153467
17691738
63060681
33705446
32993056
67691787
44095272
40897573
63450905
12658813
58452694
34860379
56285239
36408066
70399402
21688681
62415316
54069648
76107351
4108698
71613802
3799005
66962105
43152666
7970982
79592435
76809518
81442433
61707371
80514647
62802087
12454940
282219
78609837
80732192
18890872
575133
35291116
56031712
59616804
33291534
75540347
6355271
79327770
12226523
58865796
5003365
35479668
2371486
71200484
14280685
32829102
60715603
48021369
34600111
60621034
76094444
12705874
19295281
7551353
29983988
13420019
37676863
66959844
78037765
67606368
3324497
33413094
9584219
67672890
3907781
46876622
66939540
68738076
72556532
33803101
75142189
63943308
112361
2070299
66426902
73647576
37008700
1307334
1582162
34012262
13900854
11765009
65036684
69376870
58317536
9850097
56960818
80198973
80154773
78220649
14280189
56583086
69878905
47712157
66342419
73404321
68101693
33943665
72832967
55558110
54385821
49906032
50594969
48050957
55495885
63169505
81245748
54673082
2598108
76030589
73740924
70616396
60451728
77966506
67546206
76808703
2676762
42317359
22825338
33120752
69532896
32885042
78047539
60457875
61120682
34286904
73934986
76717448
6705139
2047266
73393497
81247177
73623593
71547876
68868240
41364825
21221564
32694572
18038984
72184444
909936
72015039
71117074
33166450
12342622
76727325
79432172
71472155
67774966
39688169
73181918
3358242
68105337
73290913
9698973
42789246
80196593
49781775
69979450
33284446
73102818
69318925
32630586
71543020
33701826
67536007
69275107
47029816
33373041
15619804
67516353
43637658
3645282
70977203
1413072
16398894
35876629
21397506
58877747
73155260
40085778
13115118
65291698
68617593
67025375
18127301
2407305
60489095
27578240
10702056
81746033
81641821
32688148
9752951
82400744
42821573
20802759
67821742
63348159
11852785
57714638
61891279
69298375
33276367
46854774
77827988
77323069
38940665
47019926
55124928
68223102
56761927
77454060
43348328
61454580
62518883
58464866
2413804
67549230
72181476
49918785
8738258
35563296
38960527
6680334
81347820
48046540
36581761
49782788
41830563
33275474
9644630
12202491
76268228
33127912
28127048
40007167
53135402
55602827
63280404
1036419
36003817
9667709
79228209
13705837
56213723
75564713
39017546
79268932
43034351
60604733
77551517
680644
82516951
75145084
33960572
1325831
20809441
58872975
37072365
41411066
57012500
47140637
69956923
53713507
68622877
59389214
66518660
66492133
76202387
10964378
34534795
39890265
78253824
47583211
81648421
80747588
78631811
63060136
72048635
292961
60541073
39878396
29601649
15189416
44558546
64952281
81104503
70035618
24509723
62889516
66422165
60404946
30092786
12626414
59532095
50448543
1224363
66618345
12408469
68649129
48182356
81892018
52968587
71622343
470491
37679937
76190989
62386117
60611741
21400193
56969960
81739454
71965371
61872983
59895207
70361176
34785354
43302213
50628116
81129686
68820526
81872306
61681367
15359854
76102676
12167297
77577267
12673220
70470590
61891324
68722737
63142727
66902871
7149152
76894930
59461569
9700342
15881141
28950928
76449478
67593876
47036898
71176875
12959462
12396696
11074516
20556291
45929317
36483123
59647068
3261502
46030882
70519032
15979650
59143241
66409711
9013331
73386762
13425512
37383435
72966848
1759442
16071252
71355734
73470804
69298852
80682119
71296233
75563051
39370766
77622505
36707334
51050085
20943379
78687891
9673206
742542
54877060
38234206
57791330
71618709
78049905
21275764
62878909
21534480
74072648
35213304
49377455
3499494
67028588
627195
62706466
31162728
66356154
59670040
11517077
35561201
36095129
39563191
80506224
64441683
62252633
59871237
55205072
71541637
66892874
34170686
47486655
67463379
16632250
60044204
6791845
67356255
73651088
1223577
48979451
52839738
1868764
14170543
36568577
12720253
52396986
42626318
20429411
50642543
24533008
61293990
48085410
73396939
69115310
47811084
4677110
73596318
77401325
76189805
75803748
11486839
71604469
45404564
7128944
28392145
67473027
61270945
70982943
6583416
72900916
73829536
57523403
69980054
73945937
47636578
23892760
49998039
12360016
22916619
82216060
65714210
2270881
45354924
39456150
54442528
60041199
63166140
33388390
34154225
49585495
73891615
81895068
79947890
81877315
78608543
65022215
68239478
31513588
48816277
12189949
69842994
75544052
63558950
17878112
66361465
33872566
43825177
69724840
73658071
70454759
40156887
887198
7966193
6840580
56464165
2540211
39688176
41377734
72163600
57897949
76858770
66884923
33193861
64678340
76183920
35496624
5339676
70523755
57690505
13764780
12594386
18348908
69891047
50103284
67773955
74085337
6162032
35547555
42588827
41483655
26718885
59959569
8537069
75796436
14279069
20406974
72398805
3383
76793327
39999664
82207391
74745953
64323708
67214904
32834447
62803119
311503
1911245
965739
32431775
43298721
70525359
19285476
76298355
1929447
76665475
73553780
66970740
15329174
21605304
47617846
47707311
76111704
50672033
62246979
39119079
79939578
69819421
56976373
23366098
1236834
81521860
71050139
572758
54564162
12478541
30218830
12825122
76731330
12491403
66867583
80743381
72168026
38249920
76352034
13673112
79580345
49266298
51009961
43632227
9671758
12189955
78791795
21684794
23460822
12444477
60624226
28238351
55233260
57859759
78305915
41626537
81102714
60760342
61175258
77307193
80752330
61078872
16418283
16774528
52292220
39691534
12183149
73609624
33125318
33409070
32839386
67126967
61256513
11070342
41812119
16012885
12184372
67543995
72169730
2536922
50563859
39630
42267796
12842649
2351782
70596533
16795346
48183773
72454373
34916019
47549189
25347605
81362499
14698878
38183385
67770278
46446287
66962422
78704206
69151491
56138417
69538379
41412075
74911126
18781915
40886265
77319862
66931356
45904254
61755257
55101662
68504279
30005804
12844410
71100897
75921818
12247632
65604652
23825693
59939612
30797673
81726245
34947955
44922624
62528672
12457476
72900166
81883408
40037632
1666563
19643984
34214551
73160409
45781904
5939175
13640703
79516072
1618576
17804744
61698824
47104551
48723345
13673135
66277762
63390402
72484665
428956
80798485
66582945
63677960
68031695
43828193
43101820
78123547
68249445
60610983
81056585
22672823
50273988
71996239
67471290
6574490
910282
34366026
67052061
75568785
72899327
38187849
6282215
50750133
70425188
76083027
9930647
76899364
20873692
24725682
42203382
68779264
32831587
7829434
2771980
32882618
62355971
61218374
73164892
33174010
54065341
162361
13239956
62415370
1537187
72482077
34216682
41820229
74065293
29149333
68329064
33729982
21398568
68697290
67563974
38757329
52483358
71556665
71483186
25268233
19546467
57687539
46613492
75626966
10929872
47491661
76439224
42378682
71104813
63760802
57977133
47232653
46320288
69093483
49007470
59017136
65551832
72167246
67771470
72118242
68649587
64251458
64549955
37886508
69545425
47488764
35937273
59896449
60944063
33351369
65884027
12194048
43706171
75567160
66940051
4561403
72420161
82213387
32440041
65042722
32742664
79417910
38603956
67545063
47221429
70517236
7921504
72392465
55680366
1737342
53682286
29125280
41620102
74079171
24739060
71886450
68166195
47900081
66433611
12391912
50256684
78840540
1747041
40957149
12221040
12235426
42085772
60679094
39835000
67623273
33171621
80032059
54294650
73955976
73879237
61505165
12718374
34158231
41879916
29042285
77295856
3107021
39092127
58589973
50447068
60611939
47167075
45551675
1579327
32253419
35428629
70593439
38051482
58971980
28986242
73027953
69145249
68716691
60621999
62259749
7453256
6716896
46538218
75566513
64541249
60626444
43036196
61685529
60465690
72105201
71406410
32822565
12183165
59247989
77329970
81427084
74693265
34298175
71434936
10762066
6474228
55022510
39035276
27121555
81601729
15903694
33857885
13891247
78886164
76957881
29043111
76289290
331366
67683888
74533809
38636309
80607943
72358088
32829037
29553920
54790404
66978511
67042392
57138088
61951572
75513173
41161919
62428121
81458019
2199283
63144907
21451151
36085086
32430341
76462292
79412454
66590817
32742206
24277072
45973142
70449191
68467568
22323858
21631298
43714505
61693423
78869232
66884738
49800478
76789456
12485552
69448560
62394119
9690427
71550168
76212251
2345073
33288113
45008986
12522455
76805292
28617381
72967590
78332462
45710128
81604302
59729808
71187763
52577497
1601896
37700095
34307138
77151020
63255741
43688532
37102239
67335257
42212
77108421
14910963
78215333
40551050
19176134
61767340
72162494
58578733
71411069
95423
33797117
12670392
31973167
429202
76335548
32899664
3086675
63135974
81427366
73409410
80169422
75549981
34763565
376887
11984029
73588534
81422574
10559293
81298225
39367460
45846555
68712334
15733125
72786781
2655682
41301932
57019737
69891044
32892747
54539214
61968874
1137640
76031658
2588010
32829279
68163263
12415334
72496657
73658743
73274324
7472480
69016388
81287910
75522077
38140437
62585306
70103522
78602878
17648223
69974940
79411049
60535478
7745269
60005110
77330271
76128499
7493925
12191720
81811016
78324774
61871493
35587391
45396245
64259089
27643764
50500336
39091201
70532122
81716796
71530353
70509328
19526136
42451754
33414326
73164649
63446098
37756510
80669898
78164365
77495380
50100027
66537077
48111133
37715716
80047067
76356049
12403719
3466326
62324707
71423083
71527874
71602772
7933714
33636858
13011035
62890592
1504602
71850954
12184732
77391405
66416447
61472732
5915934
43509114
36176984
8837690
34247767
79955395
71533338
67750713
30167046
69967806
43565402
20794919
20191730
2394891
12222100
39629938
48618321
36106029
77469672
61273311
75725356
78328923
73873020
32897790
38933127
68096285
65867279
69735798
68301435
70964367
12448905
9249798
8439255
12445451
69888972
20031417
63857438
47634546
80156683
8804127
22710185
50633041
76432126
63847065
71488213
12923884
55232
2356962
7965072
60239360
77393170
33425925
78831606
29724741
75213501
39082894
79962166
82397124
60527754
73659291
33363737
30115545
34291405
16668746
48733626
76965802
38473256
14804100
13983880
77769442
51130933
34294401
53188296
59444376
20556652
66888808
79431531
35677538
78229615
32940733
46702776
81752072
74919433
77949900
74151853
22986840
63003336
45916632
21380360
1596715
66969980
13151105
38603950
47492176
66246724
68717116
79959976
2380335
62502910
74689226
78781042
4579353
81938944
47804264
1537097
23438885
6082867
55652319
37700093
59667664
34690122
31359488
14097535
23050271
64519310
70369484
76873826
67864600
50487700
62863122
77881944
59454249
32961098
76207117
56775043
70649320
10788967
52885734
192903
11914686
42588359
74149147
71680227
67666924
75702015
33358156
2485302
82257092
75544057
36345531
5113630
40088249
14505111
67773995
74250456
46521069
49222245
63045724
46330571
75805491
7473854
66947903
34695412
62289878
51275569
22814818
2109784
54849158
78675913
12172717
67919688
13764252
39137111
75633565
40540660
33271124
65660435
12176881
61266781
68181065
69883464
72483727
28434982
47700435
66525699
78965055
55498165
78850120
34372657
65248713
19511133
12742348
19703816
40537842
72469398
16730409
16801663
12188666
73236001
61779717
13160238
23811359
78701220
72407644
9459599
79513737
24799322
27722672
77566446
75645332
32627823
5097439
77387958
25719132
13656276
45389526
42283858
80127975
1954252
12790053
52336715
45840869
29541005
69829780
23423171
1361264
9179090
54375659
49732854
61941042
39576940
41036566
74910111
2774894
203469
341806
61821744
32898049
68369315
8257100
12203672
35337711
26198287
4995109
72556550
3343327
77450216
65130265
72392051
66090552
49810203
27859478
69200265
631138
32835555
59331009
38175253
52506148
26443047
66489839
39900410
12452073
70968060
36721099
32896268
71834223
82469434
45841846
43629143
65707259
60622585
42448300
80679316
81607652
73251073
527060
65803425
4852779
51193615
33255603
4584204
81973015
67037650
67714974
37012155
47085870
32484912
55307232
33256190
70906996
7050307
75311684
64196788
63770293
65813143
62233511
81787523
79267429
77473584
35712818
49166489
20500118
2619087
81883687
43488005
19532072
66590387
74526551
81109138
68697438
71683192
71431025
76347184
75801799
48735347
8981768
82158345
2613788
73936467
59883497
75888968
10354718
19576444
46512790
74081875
72474739
71546119
50403064
34313470
57499307
77330059
6905233
12844174
77053551
5237543
26467256
76797839
78032306
21212979
31888520
66604413
80932984
5566540
37105408
73470426
12187377
37979030
22986401
55663322
45851448
58388199
63778522
75137388
47483229
33402482
22065588
74153824
68043344
78329152
80822690
12218698
67110041
12199329
67118265
71768908
18406656
37616808
53129338
65114478
13641478
350308
75563944
50366644
49449612
5138783
22491384
26781592
80210243
3343338
23204260
68262334
12634741
71038484
2089643
17320443
8955406
13666818
57960517
71196808
54293570
45861231
63062419
68232921
73547490
69218357
41802455
42691502
58590712
5996734
20385221
55018943
60019877
37349414
40832586
74437903
59363876
13167773
13954349
63747442
26250095
12212762
5256206
6525892
68270188
59011739
68697291
44706841
60274794
71657598
20908808
40547548
15188878
73490398
32831622
67675022
25393512
12193960
58467774
6026183
72482530
66930617
78632425
70103590
6000533
78625666
68172765
1839340
37707689
65298551
53545126
44015484
7497811
6869970
22316130
63497827
78007303
26847779
37123829
59960236
3813657
41457139
80141209
55671882
76955704
2611536
60600497
62251307
17671855
12193730
39639258
66059574
53712522
70979006
33263112
78329156
21697195
76183424
9520900
50828046
15975397
53526630
46133956
66338497
47385445
32987119
23832092
41861165
70534367
2383481
38678221
5157424
12596992
13889528
61767388
41626544
19232830
60684770
891126
56232340
41286853
66938769
36639778
69532201
29467233
63163177
68142323
28346144
70037076
71126130
37760571
12176874
32159533
33365216
32973329
16785944
59143540
75124903
13417894
40976920
12208038
81892603
80416309
76876455
67284786
44297686
55866387
48035203
42476865
72105896
80506685
68313719
73948407
73100413
42900392
55675804
76864616
76117317
41347646
80646500
32826443
77565527
11496873
48401092
59653146
29007316
80687661
42342213
41162972
65514389
25746847
2041908
33021995
79329739
44632712
70537830
50369053
72552497
73083771
48090897
54207318
53544841
13078200
61044231
5370765
3534006
67672517
30326088
36095128
70988297
3745612
2601108
81255394
76362982
71551304
50086561
9079254
67178452
67475059
81720057
57127997
33607550
66429216
76969527
71281975
69188635
59433914
17804737
77559022
59730849
39658416
16998600
32744008
77665000
1833119
60159912
13225115
72196007
76025463
49782336
38308149
61951877
54673091
32911253
78331893
82234776
73609385
37511082
29969569
78051444
71468046
4382042
72696435
59141059
844707
81424879
81739693
12695702
8488852
81953877
43643295
18175913
26917451
73090520
61800155
57152587
47011659
45901229
63145233
58549289
69812199
9285188
1768438
72003454
76123978
8654711
22319029
69829910
32268036
30398560
37684725
66878893
75707492
72410500
20021512
80043180
12633026
76212827
32883603
60084891
66440766
17527990
31618676
41801661
39896971
13071423
78787055
15247773
68789155
66930925
77649555
73936412
75489698
36734024
53036482
62806037
75470209
13210228
47107901
34320257
66925886
65036244
20802875
63173640
75874050
80500201
12384806
78037747
50221236
75723990
67761494
60469149
58870375
32832741
53813146
60309767
16419185
5330918
24471513
12700860
35594314
57337461
77372015
70898921
15888951
12703379
61129443
79407660
43348035
39688750
21646809
2040628
59757001
744696
73034590
52130030
15983565
72534684
55650807
9410802
36911966
70126955
79967637
40032572
2829101
63947078
70889926
30119054
301106
47005624
71187609
76107349
35961702
39240432
47615012
69364749
67023936
78878702
1938768
57040272
37762292
57972475
2917439
31747219
82252671
36706881
17845080
77116799
62321567
18766007
80482640
13434792
17797097
842649
67023054
70453478
71480078
32961099
14851655
34009314
42889856
61239803
78810750
69891046
55847665
32841306
19658008
27182809
69291861
75573939
25693060
71028521
76455964
38603965
6186789
18691885
6141631
77369373
14332256
34775130
70472203
11399644
1839337
77755478
12187792
36797787
51698328
55748742
22654258
52887423
25511820
1118961
49814847
61951569
17749660
76790289
67774898
1192925
16197882
39084886
81178605
52318193
66730490
13978489
37761535
70678380
59003947
79506704
10823460
45901352
74614569
71391459
39094675
47771511
47492035
73179976
59759470
27550387
34842487
63161536
32359419
47108082
46714777
34787243
71624143
46602679
81824306
33338283
65240268
337548
30820352
34162282
56874641
32743091
69449785
77277535
6974178
12296306
59436126
80577127
40022865
71473862
33809601
71974064
38119803
54753729
6458545
16035882
12600109
70041297
13693626
75142481
63161224
67467572
68637473
79881440
59382047
9009091
67182978
12521545
6872284
810485
44919358
31694405
64457491
8635806
81131191
50345755
51658110
77366053
35310133
39683437
13697814
32914536
805536
63065645
82426758
60172816
60345300
65900375
5955939
63541679
72894366
60394190
7971488
30975233
29215355
75712260
72183621
12249967
70992230
71483460
12174193
57147211
59892346
72105256
12717941
73457591
66931151
68082208
67550682
70644708
5429861
12181836
74615404
41422216
70430536
43761441
37646604
38036681
69305101
43568384
10007998
71536554
33112591
78200604
67756151
47146418
12185685
34697217
82179173
53206706
24333566
56869646
70439236
48730887
42701794
20510931
40897572
67139373
2391639
76797551
20905855
66888619
9751345
48113581
59089158
660771
52322984
34296781
68328506
24933846
12952347
17407314
79237261
44802631
72680601
47623960
19175273
33089475
5255525
69814951
13925993
14869284
73162272
4246034
47714786
76882014
38026436
78868802
82342974
27234840
44006606
12858803
59960891
13876772
53136779
49638712
2599805
51848398
18707622
16634976
63265924
76782216
6508846
58747322
66625864
71046027
54277637
68317702
81663565
65947051
75788504
46109983
77316840
81650193
21385895
35920496
24739846
60624261
52257410
23222217
66901172
69945512
74699066
52883994
26425896
13264620
32868943
13765553
41354251
68864999
46388312
79257841
28938398
12274354
18899854
17740718
59104793
70534047
75543429
77058635
76735728
48859569
66940501
61029180
16385429
81402207
72420312
35213323
40004143
17430576
79512175
9281615
14606019
48051692
59139802
76514410
32829061
70529382
51196763
59526121
13222911
18435323
44188595
37979032
81730488
9870494
12445966
58035351
33865898
32883315
79968691
76879008
72517935
27730372
50371624
27696401
79893099
71361167
81580001
71529676
66595211
58675597
52668876
39299937
48613323
78314102
6757997
77776588
47397706
12480530
13123862
1034687
36179131
4250163
74986045
73967876
45544233
65404333
268135
59530749
77116260
37114824
38875179
71960888
33263093
13102132
11379604
39091551
79710799
69290796
77442339
52318189
47171303
76884321
59654956
15297870
60171725
7170748
67114718
32898048
66511846
1564899
33389602
36868283
45855130
67840309
1968156
51917177
33700311
60171605
58588650
39158588
72465389
27365095
82349696
70658268
68385969
74602304
62891639
69472899
66180157
61971740
33807965
66447760
67129944
29479062
32742174
68800252
4426445
64469179
76115836
72594279
14762381
14849797
70366073
78819784
63843064
2276914
12259069
63645600
4518187
12365098
78316184
70353047
63163174
50452854
63196856
36019591
3382674
16579198
9423600
12183939
42389312
80490995
1112142
69902198
80517231
43250548
68783564
77107636
67681932
67695063
35505639
44526647
69809479
33105599
59899821
75564708
74583829
62414583
37689396
81730546
169961
69117669
56866208
21629907
55122711
50448566
68960957
34170415
77937990
13383212
13099704
15685012
63239788
69532268
63220884
64449019
76092612
36555933
41310886
23050138
1387652
33097162
80826843
19892765
33198003
66930271
39034045
61939572
32694523
79493160
81716667
55146944
305595
27525756
12559929
17734414
68245436
44511451
58414469
73482351
74016828
18038855
68973718
8586752
73404131
48344103
46813916
77376918
35873739
11498991
1170875
1297266
52309512
49943073
64375782
48714848
49782196
33811479
41143700
64243673
81087139
76002177
12250906
9480277
37549837
5943188
12168092
585394
27654100
57984860
3795569
79513684
76873148
68180956
27110070
71195209
81742368
22806212
74012217
78026858
38815096
41921584
50566254
12189534
26847506
69566158
13393655
65242448
71406229
32694626
11305636
66433432
75717201
25873603
71537600
74085359
76432435
73954298
4865116
63086676
42387249
46119999
47039779
5001938
61779715
73171650
61166649
78121318
9934159
63132603
68844432
13956813
65901567
61402214
13125997
78806541
11520264
16022280
69447558
48317536
45414983
63659111
67671947
79290580
5479604
59894674
50762100
64505326
59679451
58127438
61783830
1537237
32879718
82407222
66442379
13416257
82427516
73324085
46438753
10306387
12181171
41301466
79071523
12257973
3959367
13984877
3214207
18179377
65013671
71416710
3581665
7122271
68762312
26863344
76359404
66417013
66930734
29725880
17647896
81347297
1155737
67322552
69563540
34153842
79967991
63535873
32296695
77214168
81178178
45825050
62349841
5234207
9222369
41291715
22326002
64456125
69828171
1203537
6111918
3278366
45263258
60627108
33113190
70595139
35149998
38408082
36721062
2960181
15051509
67108458
48647760
508885
81246939
50709651
12960686
71471616
38244824
71412196
28998822
61696100
71982460
68113182
32830195
67581978
75321054
47007349
16516434
57112947
1086156
59365635
73898558
43705830
62046165
71479154
70528330
13707219
77297316
61167430
55056188
45460485
69450186
2843736
6110206
67763088
71971974
12416069
41751750
76124308
35924791
34017472
12187604
1095287
76087289
273742
61009758
43692263
78238287
38965184
6362522
9442591
60701424
70510944
72504782
72027173
12678281
34289534
73595676
48113125
10130783
16294428
58025264
10309005
67213705
16613703
38603988
60939789
7469915
81362713
67847555
58466892
61780126
45323220
12228450
76264198
74605506
26710854
32952882
34294006
4339715
79334700
59970396
65723431
12196009
74135635
43175333
71949772
73745567
79893363
34343805
72686729
55203534
32829010
75703350
