3fd66200f964a52005e71ee3 14142.0 40.728473486967964 -74.00531830573017 Bar,Nightclub,Music+Venue, 0,0,0,0,0,0,
3fd66200f964a5200de71ee3 27584.0 40.73233045525843 -74.0016399059716 Bar,Wings+Joint, 7,0,0,7,4,0,6,0,0,6,4,0,5,0,0,5,4,0,4,0,0,4,4,0,3,0,0,3,4,0,2,0,0,2,4,0,1,0,0,1,4,0,
3fd66200f964a52023eb1ee3 9496.0 40.72173338059507 -73.99448949148922 Italian+Restaurant,Wine+Bar,Pizza+Place, 0,0,0,0,0,0,
3fd66200f964a52033eb1ee3 21734.0 40.7155994939344 -73.99817376727006 Ice+Cream+Shop, 7,11,0,7,22,0,6,11,0,6,22,0,5,11,0,5,22,0,4,11,0,4,22,0,3,11,0,3,22,0,2,11,0,2,22,0,1,11,0,1,22,0,
3fd66200f964a52036e31ee3 9514.0 40.72851662809644 -73.98777497506265 Burger+Joint,American+Restaurant, 6,11,0,6,0,0,5,11,0,5,0,0,
3fd66200f964a5203be71ee3 31366.0 40.73589287214794 -74.00520443916321 Cupcake+Shop,Dessert+Shop,Bakery, 6,9,0,6,12,30,5,9,0,5,12,30,
3fd66200f964a5203de31ee3 18297.0 40.76068327096592 -73.98998022079468 Italian+Restaurant,Cocktail+Bar, 0,0,0,0,0,0,
3fd66200f964a52044e81ee3 16111.0 40.78345997345469 -73.9791031452449 Sports+Bar, 6,11,30,6,3,0,5,11,30,5,3,0,4,11,30,4,2,0,3,11,30,3,1,0,
3fd66200f964a52051e41ee3 15820.0 40.73466775058902 -73.98776349705562 Dive+Bar,Bar, 0,0,0,0,0,0,
3fd66200f964a52057e31ee3 6888.0 40.7168058558037 -74.0081530928662 French+Restaurant,Beer+Garden,Belgian+Restaurant, 7,9,0,7,22,30,6,9,0,6,0,0,5,8,0,5,0,0,4,8,0,4,23,0,3,8,0,3,23,0,2,8,0,2,23,0,1,8,0,1,23,0,
3fd66200f964a5207ce91ee3 5979.0 40.717088 -74.009139 French+Restaurant,American+Restaurant, 6,11,30,6,23,0,5,11,30,5,23,0,4,11,30,4,23,0,3,11,30,3,23,0,2,11,30,2,23,0,1,11,30,1,23,0,
3fd66200f964a52096eb1ee3 46498.0 40.745549592970264 -73.94747147344381 Art+Museum,Art+Gallery,Scenic+Lookout, 0,0,0,0,0,0,
3fd66200f964a520ace41ee3 19675.0 40.73237308412075 -73.98796436207951 Bar, 7,0,0,7,4,0,6,0,0,6,4,0,5,0,0,5,4,0,4,0,0,4,4,0,3,0,0,3,4,0,2,0,0,2,4,0,1,0,0,1,4,0,
3fd66200f964a520d7e81ee3 26201.0 40.772301 -73.955844 BBQ+Joint,Sports+Bar, 0,0,0,0,0,0,
3fd66200f964a520dbe61ee3 8944.0 40.718804781959015 -73.99501746059 Other+Nightlife,Speakeasy, 0,0,0,0,0,0,
3fd66200f964a520def11ee3 255434.0 40.73528249691621 -73.99040315158283 Park,Plaza, 0,0,0,0,0,0,
3fd66200f964a520dfe51ee3 17649.0 40.72401326701614 -73.9962627732525 Cocktail+Bar,Bar,Eastern+European+Restaurant, 7,18,0,7,1,0,6,17,0,6,3,0,5,17,0,5,3,0,4,17,0,4,2,0,3,17,0,3,2,0,2,17,0,2,2,0,1,17,0,1,1,0,
40f86c00f964a520c30a1fe3 13395.0 37.78297272374457 -122.38888621330263 Caf%C3%A9,Sandwich+Place,Juice+Bar, 7,8,0,7,17,0,6,8,0,6,18,0,5,7,0,5,22,0,4,7,0,4,22,0,3,7,0,3,22,0,2,7,0,2,22,0,1,7,0,1,22,0,
4116be80f964a520fc0b1fe3 41110.0 40.70443641202592 -74.01012361049652 Bar,Pub,Burger+Joint, 7,11,0,7,4,0,6,11,0,6,4,0,5,11,0,5,4,0,4,11,0,4,4,0,3,11,0,3,4,0,2,11,0,2,4,0,1,11,0,1,4,0,
411ff900f964a520240c1fe3 16469.0 40.74713593999974 -73.98529570961091 Lounge,Korean+Restaurant, 6,17,0,6,4,0,5,17,0,5,4,0,4,17,0,4,3,0,
41706480f964a520a51d1fe3 85493.0 40.78299485153325 -73.95890951156616 Art+Museum,Art+Gallery, 6,10,0,6,19,45,
41b3a100f964a5206d1e1fe3 4957.0 40.793298382746364 -73.95182249904398 Art+Museum,Theater,Performing+Arts+Venue, 6,11,0,6,18,0,5,11,0,5,18,0,4,11,0,4,18,0,3,11,0,3,18,0,
41eda300f964a520ef1e1fe3 10588.0 40.72769070044725 -73.97937862964275 Mexican+Restaurant,Breakfast+Spot, 6,17,0,6,1,0,5,17,0,5,1,0,4,17,0,4,0,0,3,17,0,3,0,0,2,17,0,2,0,0,
421a7600f964a5209d1f1fe3 36108.0 40.77362529748567 -73.9641058682518 Art+Museum,Museum,Art+Gallery, 5,13,0,5,21,0,
42717900f964a52076211fe3 9004.0 37.782960004647364 -122.46485710144043 Bookstore,Music+Store,Used+Bookstore, 6,10,0,6,23,30,5,10,0,5,23,30,
427c0500f964a52097211fe3 260554.0 40.778936659294864 -73.96229820007625 Art+Museum,Art+Gallery, 6,10,0,6,21,0,5,10,0,5,21,0,
43c67bdff964a520722d1fe3 5882.0 40.734113769538965 -73.99332451104736 Indie+Movie+Theater,Movie+Theater, 0,0,0,0,0,0,
43e9e7eff964a520202f1fe3 12404.0 42.33705434900476 -71.07601104579051 Tapas+Restaurant,Spanish+Restaurant, 7,16,30,7,0,0,7,10,30,7,14,30,6,16,30,6,1,0,5,16,30,5,1,0,5,0,0,5,15,0,4,16,30,4,0,0,4,0,0,4,15,0,3,16,30,3,0,0,3,0,0,3,15,0,2,16,30,2,0,0,2,0,0,2,15,0,1,16,30,1,0,0,1,0,0,1,15,0,
43edcea1f964a520522f1fe3 7060.0 40.78142261921244 -73.960225785625 Art+Museum,Museum,Art+Gallery, 7,11,0,7,18,0,6,11,0,6,18,0,5,11,0,5,18,0,4,11,0,4,18,0,3,11,0,3,18,0,2,11,0,2,18,0,1,11,0,1,18,0,
4423cae2f964a52099311fe3 4258.0 40.774599 -73.954345 Sushi+Restaurant,Japanese+Restaurant, 0,0,0,0,0,0,
449955b7f964a52093341fe3 15160.0 40.733612 -73.993107 Mexican+Restaurant, 6,11,30,6,4,0,5,11,30,5,4,0,3,11,30,3,0,0,2,11,30,2,0,0,1,11,30,1,0,0,
4530db98f964a520623b1fe3 14868.0 40.792419622752725 -73.9522931845973 History+Museum,Art+Museum, 7,10,0,7,18,0,6,10,0,6,18,0,5,10,0,5,18,0,4,10,0,4,18,0,3,10,0,3,18,0,2,10,0,2,18,0,1,10,0,1,18,0,
45545fd1f964a520043d1fe3 13630.0 40.74734637212787 -73.85173916816711 Science+Museum,Art+Gallery, 7,10,0,7,18,0,6,10,0,6,18,0,5,9,30,5,17,0,4,9,30,4,17,0,3,9,30,3,17,0,2,9,30,2,17,0,1,9,30,1,17,0,
45e5c256f964a52046431fe3 12221.0 40.715284 -74.008876 Wings+Joint,American+Restaurant,Bar, 7,10,0,7,22,0,6,10,0,6,2,0,5,10,0,5,2,0,4,10,0,4,1,0,3,10,0,3,1,0,2,10,0,2,1,0,1,10,0,1,1,0,
45fd4693f964a52079441fe3 13298.0 42.389214 -71.117777 Supermarket,Grocery+Store, 0,0,0,0,0,0,
4691e9b3f964a520c2481fe3 39435.0 40.72568166185519 -73.99729000663976 Indie+Movie+Theater,Movie+Theater,Multiplex, 0,0,0,0,0,0,
46b16b46f964a52098491fe3 47413.0 40.74434084563527 -73.99042637629252 BBQ+Joint,Music+Venue, 7,0,0,7,2,0,6,0,0,6,2,0,5,0,0,5,2,0,4,0,0,4,2,0,3,0,0,3,2,0,2,0,0,2,2,0,1,0,0,1,2,0,
4750accef964a520b24c1fe3 30553.0 40.72241283071901 -73.9931638235344 Art+Museum, 4,11,0,4,21,0,7,11,0,7,18,0,6,11,0,6,18,0,5,11,0,5,18,0,4,11,0,4,18,0,3,11,0,3,18,0,2,11,0,2,18,0,1,11,0,1,18,0,
47b6cfccf964a520af4d1fe3 9856.0 40.74026116105982 -73.9977146713475 Art+Museum,Asian+Restaurant,Gift+Shop, 0,0,0,0,0,0,
47fde9f4f964a520df4e1fe3 24675.0 37.76312402977745 -122.41099834442139 Coffee+Shop,Wine+Bar, 7,8,0,7,18,0,6,8,0,6,18,0,5,7,0,5,19,0,4,7,0,4,19,0,3,7,0,3,19,0,2,7,0,2,19,0,1,7,0,1,19,0,
49bad9acf964a520b8531fe3 40735.0 40.73289 -73.99 Gym+%2F+Fitness+Center, 7,8,0,7,21,0,6,7,0,6,21,0,5,5,0,5,22,0,4,5,0,4,23,0,3,5,0,3,23,0,2,5,0,2,23,0,1,5,0,1,23,0,
49be9356f964a520bd541fe3 7994.0 40.66632576461497 -73.98208753852673 Vietnamese+Restaurant,Sandwich+Place,Tea+Room, 7,11,30,7,19,30,6,11,30,6,21,0,5,11,30,5,21,0,4,11,30,4,21,0,3,11,30,3,21,0,2,11,30,2,21,0,1,11,30,1,21,0,
49bebdfbf964a520d4541fe3 17367.0 40.72583691889508 -73.99480551481247 Mexican+Restaurant,Taco+Place,Burrito+Place, 6,11,30,6,23,0,5,11,30,5,23,0,
49c54c1bf964a520ed561fe3 13893.0 40.74944635417788 -73.98169727434663 Museum,Concert+Hall,Art+Gallery, 0,0,0,0,0,0,
49c67590f964a52049571fe3 16728.0 40.674929 -73.976594 Organic+Grocery, 7,6,0,7,19,30,6,6,0,6,22,0,5,8,0,5,22,0,4,8,0,4,22,0,3,8,0,3,22,0,2,8,0,2,22,0,1,8,0,1,22,0,
49c98a0df964a52076581fe3 8665.0 40.72176859446248 -73.9874880246811 Italian+Restaurant,Breakfast+Spot, 0,0,0,0,0,0,
49ca8f4df964a520b9581fe3 52824.0 37.78246395814844 -122.40782260894775 Coffee+Shop,Caf%C3%A9,Breakfast+Spot, 7,8,0,7,18,0,6,8,0,6,18,0,5,7,0,5,19,0,4,7,0,4,19,0,3,7,0,3,19,0,2,7,0,2,19,0,1,7,0,1,19,0,
49cab6e1f964a520d6581fe3 5356.0 40.80783255 -73.96386427142856 Chinese+Restaurant,Asian+Restaurant, 0,0,0,0,0,0,
49ccd495f964a52091591fe3 26139.0 40.71493168249224 -74.01143789291382 Coffee+Shop,Caf%C3%A9,Juice+Bar, 7,6,30,7,22,0,6,6,30,6,22,0,5,6,30,5,22,0,4,6,30,4,22,0,3,6,30,3,22,0,2,6,30,2,22,0,1,6,30,1,22,0,
49ce7e48f964a5204a5a1fe3 28834.0 40.76851554758871 -73.98194979831837 American+Restaurant,Wine+Bar, 7,7,0,7,2,0,6,7,0,6,2,0,5,7,0,5,2,0,4,7,0,4,2,0,3,7,0,3,2,0,2,7,0,2,2,0,1,7,0,1,2,0,
49d675c5f964a520d15c1fe3 18793.0 40.76727955256239 -73.96570150087862 Art+Gallery,Performing+Arts+Venue,Theater, 0,0,0,0,0,0,
49d6de35f964a520085d1fe3 17360.0 40.771136065393044 -73.96730285991099 Art+Museum,Museum, 7,11,0,7,17,0,6,10,0,6,18,0,5,10,0,5,18,0,4,10,0,4,18,0,3,10,0,3,18,0,2,10,0,2,18,0,
49dd262cf964a520eb5f1fe3 5823.0 40.75241463950296 -73.96883533082456 Art+Gallery,Museum, 0,0,0,0,0,0,
49df79b7f964a520ca601fe3 21966.0 40.86301432403785 -73.88035297393799 Garden, 0,0,0,0,0,0,
49e7ce15f964a5201d651fe3 43010.0 40.714905221546786 -74.01532594949983 Movie+Theater,Multiplex,Indie+Movie+Theater, 0,0,0,0,0,0,
49f5135cf964a5208e6b1fe3 47854.0 40.764421348741976 -73.99944305419922 History+Museum,Boat+or+Ferry,Museum, 7,10,0,7,18,0,6,10,0,6,18,0,5,10,0,5,17,0,4,10,0,4,17,0,3,10,0,3,17,0,2,10,0,2,17,0,1,10,0,1,17,0,
49fca93df964a520c86e1fe3 15820.0 40.73166539024325 -73.97783517837524 Other+Great+Outdoors, 0,0,0,0,0,0,
4a19c1def964a520497a1fe3 78512.0 40.643965943682936 -73.78272056579588 Airport+Terminal, 0,0,0,0,0,0,
4a1df969f964a520b37b1fe3 14038.0 40.751413797200804 -73.98382076104348 Bar,Australian+Restaurant,Lounge, 0,0,0,0,0,0,
4a203f63f964a520607c1fe3 1821.0 39.94992719104303 -75.14477008796884 Grocery+Store,Farmers+Market,Greek+Restaurant, 0,0,0,0,0,0,
4a2fc4d3f964a520da981fe3 3934.0 40.7844083700637 -73.95777225494385 Museum,Design+Studio,Office, 0,0,0,0,0,0,
4a32edf1f964a520c69a1fe3 14451.0 34.04515669709321 -118.56507539749146 Art+Museum,Art+Gallery, 6,10,0,6,21,0,
4a357941f964a520069d1fe3 1841.0 37.43837476 -122.160323 Mexican+Restaurant,Burrito+Place,Gluten-free+Restaurant, 6,11,0,6,20,0,5,11,0,5,20,0,4,11,0,4,20,0,3,11,0,3,20,0,2,11,0,2,20,0,1,11,0,1,20,0,
4a469855f964a5202aa91fe3 49326.0 38.90044343906498 -77.04455494880676 New+American+Restaurant,Breakfast+Spot, 7,9,0,7,22,0,6,9,0,6,0,0,5,7,0,5,0,0,4,7,0,4,23,0,3,7,0,3,23,0,2,7,0,2,23,0,1,7,0,1,22,0,
4a4e188ff964a5201aae1fe3 1392.0 40.86930833360786 -73.9164604108175 Bakery, 0,0,0,0,0,0,
4a5e00d9f964a520e2bd1fe3 2099.0 40.70606269055038 -74.00742431556999 Sushi+Restaurant,Asian+Restaurant,Japanese+Restaurant, 0,0,0,0,0,0,
4a6cbb32f964a52076d11fe3 14452.0 40.76783725449877 -73.98201866843489 Art+Museum,Design+Studio,Museum, 5,10,0,5,21,0,4,10,0,4,21,0,
4a6e2000f964a520fcd31fe3 755.0 40.765169028342534 -73.96983975271246 Food+Truck, 0,0,0,0,0,0,
4a70ef04f964a520ced81fe3 12859.0 40.80460847379682 -73.96636730051527 Coffee+Shop, 7,6,0,7,23,0,6,6,0,6,23,0,5,6,0,5,23,0,4,6,0,4,23,0,3,6,0,3,23,0,2,6,0,2,23,0,1,6,0,1,23,0,
4a746fb2f964a52025de1fe3 6978.0 40.78525321734988 -73.95721435546875 Museum,Art+Museum, 4,11,0,4,20,0,
4a7688a0f964a52021e31fe3 25088.0 37.44501495519979 -122.16135834189019 Cajun+%2F+Creole+Restaurant,Bar,Southern+%2F+Soul+Food+Restaurant, 7,17,0,7,1,0,5,11,30,5,1,30,4,11,30,4,1,30,3,11,30,3,1,0,2,11,30,2,1,0,1,11,30,1,1,0,
4a771190f964a5207ce31fe3 901.0 40.730483 -73.983224 Spanish+Restaurant, 7,7,0,7,23,0,6,7,0,6,23,0,5,7,0,5,23,0,4,7,0,4,23,0,3,7,0,3,23,0,2,7,0,2,23,0,1,7,0,1,23,0,
4a783dc1f964a5204ce51fe3 2272.0 41.07574286251028 -73.47294413509141 Coffee+Shop,Tea+Room, 0,0,0,0,0,0,
4a78c865f964a52068e61fe3 17014.0 40.73356779034111 -74.00165319442749 American+Restaurant,Breakfast+Spot, 7,9,0,7,16,0,6,9,0,6,16,0,5,17,30,5,0,0,5,8,0,5,15,30,4,17,30,4,0,0,4,8,0,4,15,30,3,17,30,3,0,0,3,8,0,3,15,30,2,17,30,2,0,0,2,8,0,2,15,30,1,17,30,1,0,0,1,10,30,1,15,30,
4a7b1d64f964a52011ea1fe3 5007.0 40.74299768849699 -73.98390769958496 Burger+Joint,Fast+Food+Restaurant, 0,0,0,0,0,0,
4a7c721ef964a5209fec1fe3 563.0 42.371626 -71.084575 Seafood+Restaurant, 6,11,0,6,18,0,5,11,0,5,20,0,4,11,0,4,19,0,3,11,0,3,19,0,2,11,0,2,19,0,1,11,0,1,15,0,
4a808bb6f964a5208ff51fe3 3820.0 40.768569745822454 -73.98228840948696 Tea+Room,Lounge,Hotel+Bar, 0,0,0,0,0,0,
4a809c7df964a520b2f51fe3 23510.0 40.72703870357119 -73.99531587726464 Coffee+Shop,Bakery,Boutique, 0,0,0,0,0,0,
4a82cffff964a52065f91fe3 4218.0 40.808595603863886 -73.94759775788835 Art+Museum,Art+Gallery, 0,0,0,0,0,0,
4a85bea4f964a52022ff1fe3 2824.0 37.87247748751693 -122.26685369068089 Brazilian+Restaurant, 6,11,30,6,21,0,5,11,30,5,21,0,4,11,30,4,21,0,3,11,30,3,21,0,2,11,30,2,21,0,1,11,30,1,21,0,
4a91768cf964a520441a20e3 2203.0 40.72620615570406 -73.9861623083502 Coffee+Shop, 0,0,0,0,0,0,
4a956d28f964a5202d2320e3 6896.0 40.732958 -73.986404 Mediterranean+Restaurant,Sandwich+Place,American+Restaurant, 7,11,0,7,22,0,6,8,0,6,23,30,5,8,0,5,23,30,4,8,0,4,23,30,3,8,0,3,23,30,2,8,0,2,23,30,1,8,0,1,23,30,
4a95c741f964a5209e2420e3 4063.0 40.72421063875112 -73.99553968946574 Library, 0,0,0,0,0,0,
4a96f137f964a520a02720e3 3173.0 40.70650726960834 -74.0092950296581 History+Museum, 6,10,0,6,16,0,5,10,0,5,16,0,4,10,0,4,16,0,3,10,0,3,16,0,2,10,0,2,16,0,
4a976bcbf964a5208f2920e3 2551.0 40.720973101423425 -73.95671298080117 Building,Gym, 0,0,0,0,0,0,
4a9869f9f964a520e12b20e3 5976.0 38.57319116592407 -121.481106 Brewery, 7,8,30,7,22,30,6,8,30,6,12,30,5,11,0,5,12,30,4,11,0,4,23,30,3,11,0,3,23,30,2,11,0,2,23,30,1,11,0,1,23,30,
4aa3cfd5f964a5201f4420e3 2212.0 41.14086500869767 -73.36158722398055 Cupcake+Shop, 7,8,30,7,20,0,6,8,30,6,21,0,5,8,0,5,21,0,4,8,0,4,20,0,3,8,0,3,20,0,2,8,0,2,20,0,1,8,0,1,20,0,
4aa55a5cf964a520104820e3 1285.0 42.365869 -71.104676 Bookstore, 7,0,0,7,20,0,6,9,30,6,21,0,5,9,30,5,21,0,4,9,30,4,21,0,3,9,30,3,21,0,2,9,30,2,21,0,1,9,30,1,21,0,
4aa56c81f964a5204e4820e3 4507.0 40.76550311947473 -73.91918742449245 Indian+Restaurant,Indonesian+Restaurant, 7,0,0,7,22,30,6,0,0,6,22,30,5,0,0,5,22,30,4,0,0,4,22,30,3,0,0,3,22,30,2,0,0,2,22,30,1,0,0,1,22,30,
4aad3bb3f964a520245f20e3 1940.0 40.935786 -72.304993 Diner,Ice+Cream+Shop, 0,0,0,0,0,0,
4ab2c893f964a520566c20e3 10733.0 40.71883986964477 -73.98985822196998 History+Museum, 4,10,0,4,20,30,
4ab6469ef964a5206a7620e3 2992.0 40.73799025385534 -74.03489112854004 Coffee+Shop, 0,0,0,0,0,0,
4ab9570af964a520fe7e20e3 6510.0 38.8959011162779 -77.03061819076538 Performing+Arts+Venue,Theater, 0,0,0,0,0,0,
4abe523df964a520ad8c20e3 5014.0 40.75332918004281 -73.9804748240652 Caf%C3%A9,Coffee+Shop,Deli+%2F+Bodega, 7,8,0,7,16,0,6,8,0,6,16,0,5,7,0,5,20,0,4,7,0,4,20,0,3,7,0,3,20,0,2,7,0,2,20,0,1,7,0,1,20,0,
4abf8806f964a520fd9020e3 5956.0 40.78597022 -73.977128 Museum, 0,0,0,0,0,0,
4ac8f0cef964a52071bd20e3 1464.0 40.725819 -73.99956995 Art+Gallery,Museum, 0,0,0,0,0,0,
4acfaa0ff964a5202fd520e3 1526.0 40.83916091891611 -73.94112270377491 Caribbean+Restaurant,Food, 0,0,0,0,0,0,
4adf3fa7f964a520b37821e3 424.0 40.809963148164705 -73.96017986702012 College+Lab,Office, 0,0,0,0,0,0,
4ae3de22f964a520669921e3 1144.0 40.73926450207828 -73.97476421392605 Bakery,Caf%C3%A9, 0,0,0,0,0,0,
4af0cb26f964a5203edf21e3 1936.0 40.75953471798171 -73.97844886821815 Building,Event+Space, 0,0,0,0,0,0,
4af23a4af964a520c2e621e3 51392.0 40.770255580400466 -73.86387348175049 Airport+Terminal, 0,0,0,0,0,0,
4af5a46af964a520b5fa21e3 275766.0 40.761396839011994 -73.97698574930376 Art+Museum,Art+Gallery,Museum, 5,10,30,5,21,0,
4af9bc5af964a520cb1322e3 12468.0 40.755872218017196 -73.98377895355225 Art+Gallery,General+College+%26+University,College+%26+University, 5,10,0,5,20,0,
4b000371f964a520763a22e3 132.0 40.73015 -73.955863 Residential+Building+%28Apartment+%2F+Condo%29, 0,0,0,0,0,0,
4b058739f964a520ad8522e3 334.0 -27.47134566307068 153.03077459335327 French+Restaurant,Hotel+Bar, 0,0,0,0,0,0,
4b05e4cff964a52045e522e3 2147.0 42.349056309108505 -71.08469256092728 Ice+Cream+Shop, 0,0,0,0,0,0,
4b078f28f964a520b4fe22e3 4201.0 41.07308485540904 -73.54861445653648 Diner, 0,0,0,0,0,0,
4b07ee4cf964a5203e0123e3 3030.0 40.99531795149637 -73.88370037078857 Farmers+Market,American+Restaurant, 6,8,30,6,13,30,
4b08a0d8f964a520cd0f23e3 1418.0 40.69442071106459 -73.95793558189008 Pizza+Place, 0,0,0,0,0,0,
4b09c37ef964a520211d23e3 415.0 -27.467827 153.027529 Caf%C3%A9, 0,0,0,0,0,0,
4b0bfe7cf964a520743523e3 11554.0 40.723229 -73.988848 Coffee+Shop,Caf%C3%A9, 7,8,30,7,19,0,6,8,30,6,19,0,5,8,0,5,18,0,4,8,0,4,18,0,3,8,0,3,18,0,2,8,0,2,18,0,1,8,0,1,18,0,
4b0c295df964a5201c3823e3 3148.0 40.759445 -74.415939 Coffee+Shop, 0,0,0,0,0,0,
4b0ff4a0f964a520b16623e3 28397.0 40.75589879828258 -73.9792121911996 Bookstore,Caf%C3%A9, 0,0,0,0,0,0,
4b107c07f964a5206f7123e3 12130.0 -33.873337375556545 151.2068510055542 Supermarket,Grocery+Store, 7,8,0,7,0,0,6,8,0,6,0,0,5,6,0,5,0,0,4,6,0,4,0,0,3,6,0,3,0,0,2,6,0,2,0,0,1,6,0,1,0,0,
4b118a40f964a520d87e23e3 424.0 40.694512 -73.957461 Mexican+Restaurant, 0,0,0,0,0,0,
4b12e985f964a520b39023e3 563.0 40.722310990152096 -73.99718670967665 Newsstand,Smoke+Shop, 0,0,0,0,0,0,
4b189f1af964a520b3d423e3 454.0 -27.466758369329412 153.02781644174473 Sushi+Restaurant, 0,0,0,0,0,0,
4b1964f4f964a52094dc23e3 891.0 41.310510656915675 -72.92566575465658 Pizza+Place,Italian+Restaurant,American+Restaurant, 0,0,0,0,0,0,
4b1d6209f964a520bc0f24e3 4179.0 41.311034574999994 -72.929825 Coffee+Shop,Bakery,Tea+Room, 7,8,0,7,0,0,6,8,0,6,22,0,5,7,0,5,0,0,4,7,0,4,0,0,3,7,0,3,0,0,2,7,0,2,0,0,1,7,0,1,0,0,
4b1ee6b4f964a5204b2124e3 149.0 -27.467479422213913 153.0281211432671 Bank, 0,0,0,0,0,0,
4b284c8bf964a520309224e3 15921.0 41.306228338312636 -72.93036062302272 Bar,Pizza+Place, 6,17,0,6,2,0,5,17,0,5,2,0,4,17,0,4,2,0,
4b2af448f964a520cbb224e3 3424.0 37.44637446666667 -122.161229 Italian+Restaurant, 0,0,0,0,0,0,
4b310007f964a520f6fd24e3 4397.0 40.754877 -73.979882 Drugstore+%2F+Pharmacy, 0,0,0,0,0,0,
4b318bb2f964a520d60825e3 537.0 -33.83989621900599 151.0330779389106 Electronics+Store, 7,10,30,7,16,0,6,10,30,6,16,0,5,10,30,5,18,30,4,10,30,4,18,30,3,10,30,3,18,30,2,10,30,2,18,30,1,10,30,1,18,30,
4b360393f964a520b22f25e3 3260.0 40.979567 -74.118215 Coffee+Shop, 7,8,0,7,19,0,6,8,0,6,22,30,5,7,0,5,22,30,4,7,0,4,21,0,3,7,0,3,21,0,2,7,0,2,21,0,1,7,0,1,21,0,
4b395c58f964a5204e5b25e3 8435.0 40.7408085348507 -73.98745359060648 Sandwich+Place,Eastern+European+Restaurant, 7,11,0,7,22,0,6,11,0,6,22,0,5,11,0,5,22,0,4,11,0,4,22,0,3,11,0,3,22,0,2,11,0,2,22,0,1,11,0,1,22,0,
4b3fbfacf964a520d2ad25e3 1841.0 42.3472095373205 -71.08213919336764 Clothing+Store, 7,11,0,7,18,0,6,10,0,6,21,0,5,10,0,5,21,0,4,10,0,4,21,0,3,10,0,3,21,0,2,10,0,2,21,0,1,10,0,1,21,0,
4b41100df964a52051c025e3 1365.0 40.64280543123974 -74.10174046061626 Museum, 0,0,0,0,0,0,
4b44d6c0f964a520bbfd25e3 77.0 40.7560997756636 -73.98077487945557 Salon+%2F+Barbershop, 0,0,0,0,0,0,
4b47066cf964a520a02a26e3 1891.0 -33.87280735687116 151.21235489845276 Music+Venue,Festival,General+Entertainment, 7,11,0,7,23,0,6,11,0,6,23,0,5,11,0,5,23,0,4,11,0,4,23,0,3,11,0,3,23,0,2,11,0,2,23,0,1,11,0,1,23,0,
4b475a53f964a520982f26e3 15321.0 41.39244917514369 2.1608519554138184 Tapas+Restaurant,Spanish+Restaurant, 0,0,0,0,0,0,
4b476cbdf964a520a13126e3 2748.0 40.76298856990252 -73.96849095640022 Deli+%2F+Bodega, 0,0,0,0,0,0,
4b48d37df964a520d55826e3 12340.0 40.77952997915763 -73.97399425506592 History+Museum,Museum,College+Library, 7,11,0,7,17,0,5,10,0,5,20,0,
4b4a07d3f964a520757826e3 1541.0 40.73058665609531 -73.98314928265228 Coffee+Shop, 0,0,0,0,0,0,
4b4e5e89f964a52037eb26e3 2895.0 40.754952 -73.968597 Italian+Restaurant, 0,0,0,0,0,0,
4b51ef40f964a520245c27e3 355.0 35.619232047554384 -82.31964975402106 American+Restaurant, 6,11,0,6,22,0,5,11,0,5,22,0,4,11,0,4,21,30,3,11,0,3,21,30,2,11,0,2,21,30,1,11,0,1,21,30,
4b5cb75af964a520474029e3 1962.0 41.311722337748066 -72.92240697723524 Sandwich+Place, 0,0,0,0,0,0,
4b5cc37ef964a520d94229e3 182.0 -33.876317476363965 151.2088240845693 Caf%C3%A9, 0,0,0,0,0,0,
4b5dbd50f964a5204d6929e3 5325.0 38.580301 -121.494886 Coffee+Shop,Caf%C3%A9, 7,6,0,7,23,0,6,6,0,6,23,0,5,6,0,5,23,0,4,6,0,4,23,0,3,6,0,3,23,0,2,6,0,2,23,0,1,6,0,1,23,0,
4b5f51baf964a520ceb329e3 1049.0 40.99061374721666 -73.88323945045502 Coffee+Shop, 0,0,0,0,0,0,
4b5f96e1f964a5204ac329e3 160.0 40.85537145052558 -73.93321228181408 Pizza+Place, 0,0,0,0,0,0,
4b6259d5f964a520a3432ae3 169.0 -27.467184132039456 153.0273680138862 Sandwich+Place, 0,0,0,0,0,0,
4b62c18df964a52069512ae3 782843.0 55.414265975580804 37.90085792541504 Airport, 7,0,0,7,0,0,6,0,0,6,0,0,5,0,0,5,0,0,4,0,0,4,0,0,3,0,0,3,0,0,2,0,0,2,0,0,1,0,0,1,0,0,
4b6c80bcf964a520393f2ce3 4004.0 42.40536526666667 -71.121311 College+Cafeteria, 0,0,0,0,0,0,
4b6ce2d1f964a5209a5b2ce3 385.0 -35.102098506933544 150.69251215272487 Caf%C3%A9, 0,0,0,0,0,0,
4b70b2e2f964a520562a2de3 16257.0 40.86247880045982 -74.19912815093994 College+Academic+Building,College+Communications+Building,College+Classroom, 0,0,0,0,0,0,
4b7213e2f964a520846d2de3 1100.0 -33.84659596848995 151.07041775110335 Thai+Restaurant, 0,0,0,0,0,0,
4b7879ccf964a520e8d02ee3 14177.0 40.22250114556499 -73.99832725524902 Beach,Surf+Spot, 0,0,0,0,0,0,
4b8f0ac5f964a5201a4633e3 188.0 41.023611024058106 -73.85599704038248 Recreation+Center, 0,0,0,0,0,0,
4b912c0bf964a520fba733e3 552.0 40.753 -73.97706 Jewelry+Store, 7,10,0,7,20,0,6,9,0,6,21,0,5,7,0,5,21,0,4,7,0,4,21,0,3,7,0,3,21,0,2,7,0,2,21,0,1,7,0,1,21,0,
4b92905af964a520b30434e3 7821.0 37.776171 -122.408366 New+American+Restaurant,American+Restaurant,Gastropub, 6,10,0,6,22,30,5,10,0,5,22,30,4,10,0,4,22,0,3,10,0,3,22,0,2,10,0,2,22,0,1,11,0,1,16,0,
4b971da6f964a520b9f834e3 339.0 37.4300590168671 -122.14621930255866 Home+%28private%29, 0,0,0,0,0,0,
4b9b014ff964a52015eb35e3 427.0 -27.469741746083322 153.02714380031287 Caf%C3%A9, 0,0,0,0,0,0,
4b9c702cf964a520a46836e3 8048.0 32.7649753 -117.2404718 Hotel,Spa, 7,0,0,7,0,0,6,0,0,6,0,0,5,0,0,5,0,0,4,0,0,4,0,0,3,0,0,3,0,0,2,0,0,2,0,0,1,0,0,1,0,0,
4b9d18b2f964a520408f36e3 6387.0 40.73590122040547 -73.9912413017774 Clothing+Store, 7,11,0,7,20,0,6,10,0,6,21,0,5,10,0,5,21,0,4,10,0,4,21,0,3,10,0,3,21,0,2,10,0,2,21,0,1,10,0,1,21,0,
4ba01c53f964a520e05a37e3 629.0 41.047366002542 -73.78990248303704 City+Hall, 0,0,0,0,0,0,
4ba03bcaf964a520356337e3 45.0 -33.834690710882526 151.08756966812402 Caf%C3%A9, 0,0,0,0,0,0,
4ba15ec1f964a520f9b037e3 1282.0 41.40246507734671 2.1571987867355347 Tapas+Restaurant,Restaurant, 7,19,30,7,1,0,7,24,30,7,15,30,6,19,30,6,2,0,6,24,30,6,15,30,5,19,30,5,2,0,4,20,30,4,1,0,3,20,30,3,1,0,2,20,30,2,1,0,1,20,30,1,1,0,
4ba236c3f964a5204be437e3 539.0 40.81688510411675 -73.89263904082424 Fast+Food+Restaurant, 0,0,0,0,0,0,
4ba50c76f964a5208ed538e3 8144.0 41.07140640434961 -71.85965484288155 Lighthouse,Scenic+Lookout,Park, 0,0,0,0,0,0,
4ba64c0bf964a520884339e3 651.0 41.28968229625738 -72.96292223463568 College+Residence+Hall, 0,0,0,0,0,0,
4bb7d3a53db7b713e3a0209a 56.0 37.44309520199969 -122.13486293391273 Home+%28private%29, 0,0,0,0,0,0,
4bb93e047421a5933fa7c240 473.0 40.86450681158826 -73.91925631697427 Seafood+Restaurant, 0,0,0,0,0,0,
4bc0e66c920eb71372cf192c 3424.0 40.74219833052728 -73.98299432576718 Indian+Restaurant, 7,11,30,7,22,0,6,11,30,6,23,0,5,11,30,5,23,0,4,11,30,4,22,30,3,11,30,3,22,30,2,11,30,2,22,30,1,11,30,1,22,30,
4bc4c05f461576b0f2648032 796.0 40.756170625944456 -73.9746494260545 Office, 0,0,0,0,0,0,
4bc53b734a9aa5937450067b 312.0 -34.46286014627328 150.40055755286116 Vineyard, 7,10,0,7,17,0,6,10,0,6,17,0,5,10,0,5,17,0,4,10,0,4,17,0,3,10,0,3,17,0,2,10,0,2,17,0,1,10,0,1,17,0,
4bc745de92b376b0325e4f3a 7917.0 25.79224070516396 -80.27662754058838 Airport+Terminal,Airport+Gate,Rest+Area, 0,0,0,0,0,0,
4bc8088f15a7ef3b6b857ada 100741.0 41.00862118012785 28.9799165725708 History+Museum, 7,9,0,7,16,0,6,9,0,6,16,0,5,9,0,5,16,0,4,9,0,4,16,0,3,9,0,3,16,0,2,9,0,2,16,0,
4bd1b7ee41b9ef3b8465fce5 2990.0 47.02068600793512 28.85554790496826 Steakhouse,BBQ+Joint, 7,0,0,7,0,0,6,0,0,6,0,0,5,0,0,5,0,0,4,0,0,4,0,0,3,0,0,3,0,0,2,0,0,2,0,0,1,0,0,1,0,0,
4bd2b20eb221c9b6672fd8d0 38.0 30.267995024488197 120.1183325905025  0,0,0,0,0,0,
4bd2b6ef9854d13abe3afc4d 3324.0 40.7475346326828 -73.884708 Spanish+Restaurant, 0,0,0,0,0,0,
4bd626b35631c9b6b475a530 789.0 35.600449184837466 -82.40084812031903 BBQ+Joint, 0,0,0,0,0,0,
4bd905fe11dcc928bfcaf833 291.0 -33.91659183198029 151.03979229927063 Coffee+Shop,Caf%C3%A9, 0,0,0,0,0,0,
4bdcc53e03be20a1c7b2849b 531.0 40.85138339647672 -73.93187471121713 Seafood+Restaurant,Spanish+Restaurant,Latin+American+Restaurant, 0,0,0,0,0,0,
4bde00aeffdec9280053e7a1 897.0 40.739486020568506 -73.98738384246826 Residential+Building+%28Apartment+%2F+Condo%29, 0,0,0,0,0,0,
4be978ef6af1ef3b03c41b96 1515.0 25.786936 -80.132597 Ice+Cream+Shop,Italian+Restaurant, 7,24,30,7,1,0,6,24,30,6,1,0,5,24,30,5,1,0,4,24,30,4,12,30,3,24,30,3,12,30,2,24,30,2,12,30,1,24,30,1,12,30,
4bf05acc8bf5c9286f0a97fe 5492.0 36.96694799488641 -122.0401480793953 Burger+Joint,Bar,Pizza+Place, 7,11,0,7,23,0,6,11,0,6,23,0,5,11,0,5,23,0,4,11,0,4,23,0,3,11,0,3,23,0,2,11,0,2,23,0,1,11,0,1,23,0,
4bf1ae60324cc9b6b652cc92 2775.0 40.71798927264901 -73.9918577671051 Chinese+Restaurant,Asian+Restaurant, 0,0,0,0,0,0,
4bf29d4355c7c9b6ac476204 357.0 40.816056692476955 -73.9114540883295 Post+Office, 0,0,0,0,0,0,
4bf75f66508c0f478c8e3d31 100.0 33.88791227731644 -118.41046843177514 Home+%28private%29,Surf+Spot, 0,0,0,0,0,0,
4c012c30de3376b0c55df9a4 361.0 41.03062 -71.95222646 Hotel, 0,0,0,0,0,0,
4c0196cf716bc9b6f426bc55 30.0 38.61543362837316 -121.27980327511423 Home+%28private%29, 0,0,0,0,0,0,
4c04cb7639d476b033ed31a7 313.0 -27.47139207363376 153.03038629662097 Bar, 0,0,0,0,0,0,
4c064a25d3842d7f0156bf41 269.0 40.73950670999612 -73.98750524171608 Gym+%2F+Fitness+Center, 0,0,0,0,0,0,
4c0699e1b4aa0f47205c6462 118.0 37.778302 -122.408642 Tech+Startup, 0,0,0,0,0,0,
4c0f3d361281c9b624531e1d 208.0 -33.90903970888968 151.10325031126914 Fried+Chicken+Joint, 0,0,0,0,0,0,
4c10c85ab93cc9b64a3457e0 13.0 -34.775748 150.6971 Italian+Restaurant, 0,0,0,0,0,0,
4c1a6f93b9f876b0bda87846 414.0 29.891751999220265 -81.31426376254967 Bakery, 0,0,0,0,0,0,
4c1fb6148b3aa59382e49d5f 297.0 40.74697 -73.992692 Building, 0,0,0,0,0,0,
4c28d03c97d00f47e66a40ea 86.0 40.75942921124517 -73.97750762367832 Paper+%2F+Office+Supplies+Store, 0,0,0,0,0,0,
4c2a20199fb5d13ad72f9c57 351.0 42.052319988480484 -73.97871494293213 Deli+%2F+Bodega, 0,0,0,0,0,0,
4c2d12b14e132d7fefce9bdf 46.0 37.4482272802239 -122.15670125560003 Medical+Center, 0,0,0,0,0,0,
4c322e0c213c2d7f7706355d 1005.0 37.44472390693785 -122.16144150231405 Tea+Room,Sandwich+Place, 0,0,0,0,0,0,
4c32d26116adc92838b9c29c 54.0 38.56796834951971 -121.27980327511423 Home+%28private%29, 0,0,0,0,0,0,
4c33185eed37a593e3bb6c03 10.0 -36.504144 148.304674 Ski+Lodge,Hotel, 0,0,0,0,0,0,
4c349a45ed37a5936d1d6f03 508.0 41.19503240327556 -73.4326171875 Coffee+Shop,Food, 0,0,0,0,0,0,
4c37d909dfb0e21ec5a5ada8 146.0 40.73194803 -73.983659 Massage+Studio,Spa, 0,0,0,0,0,0,
4c38b9343849c928affabfb1 164.0 40.723614 -73.84816646575928 Dentist%27s+Office, 0,0,0,0,0,0,
4c41c0bdce54e21e587e0b1a 15749.0 8.971261439432814 -79.52951431274414 Scenic+Lookout,Road,Other+Great+Outdoors, 0,0,0,0,0,0,
4c433740520fa593fc48ccac 252.0 40.797039434151515 -74.46671600520014 History+Museum, 0,0,0,0,0,0,
4c4bbf66c668e21ec3a57afa 3165.0 40.72973854495667 -73.95945668220519 Bakery,Caf%C3%A9,Breakfast+Spot, 7,8,0,7,19,0,6,8,0,6,19,0,5,7,30,5,19,0,4,7,30,4,19,0,3,7,30,3,19,0,2,7,30,2,19,0,1,7,30,1,19,0,
4c5c384b85a1e21e06f75511 26.0 44.810251394571424 -73.25773364493071 Campground, 0,0,0,0,0,0,
4c5cc2de7f661b8d7aad491c 6085.0 40.735646 -74.007319 Cocktail+Bar, 6,17,0,6,3,0,5,17,0,5,3,0,4,17,0,4,2,0,
4c680bd99cb82d7f93aa94d2 47.0 26.53477077790813 -81.86068210541121 Home+%28private%29, 0,0,0,0,0,0,
4c72a64a57b6a143f205c6cc 880.0 8.99155588370216 -79.52014564595916 Paper+%2F+Office+Supplies+Store, 0,0,0,0,0,0,
4c77be49b4b4b60c117d280e 369.0 41.31019499026066 -72.92530238875771 Student+Center, 0,0,0,0,0,0,
4c7da682b53db1f7efe89d11 1101.0 37.421614 -122.205984 Office, 0,0,0,0,0,0,
4c7dafa8d598a093d6d0c362 10791.0 37.80885411707493 -122.40997702530059 Bakery,Soup+Place,Food, 6,8,0,6,21,0,5,8,0,5,21,0,
4c7e06cc9221236a81fd803d 102.0 -37.810254 144.997731 Asian+Restaurant, 0,0,0,0,0,0,
4c856e7ed8086dcb84139252 88.0 42.40528075586691 -71.12025813366964 Snack+Place, 0,0,0,0,0,0,
4c8c70d2f87e224be34f3505 68.0 42.409060900675556 -71.12267199887138 College+Academic+Building, 0,0,0,0,0,0,
4c8fd7fe0b9e3704a2b3625e 196.0 37.452219 -122.185305 Cosmetics+Shop, 0,0,0,0,0,0,
4c9ee0ff542b224bdecaf89f 46.0 -33.936228683817234 151.05295783853353 Home+%28private%29, 0,0,0,0,0,0,
4c9f6c7e0e9bb1f7492df05f 63.0 42.40563030879113 -71.11930070714442  0,0,0,0,0,0,
4ca426815720b1f780f737ef 8.0 -33.83675391033285 150.90622901916504 Factory,Office, 0,0,0,0,0,0,
4cb12fa2c5e6a1cd90fedbf6 16231.0 42.348716394771 -71.09516322612762 Seafood+Restaurant, 7,10,30,7,1,0,6,16,0,6,1,0,5,16,0,5,1,0,4,16,0,4,1,0,3,16,0,3,1,0,2,16,0,2,1,0,1,16,0,1,1,0,
4cb896e2035d236ace55ce4e 556.0 41.380537 -73.479951 Electronics+Store,Toy+%2F+Game+Store, 0,0,0,0,0,0,
4cc0b273873c236a9a4eb423 965.0 -33.8686849647524 151.20414559198267 Office,Bank,Coworking+Space, 0,0,0,0,0,0,
4cd1a0b17f56a1434795d5a6 10375.0 42.36415668987275 -71.08298063278198 Caf%C3%A9,Art+Gallery,Coffee+Shop, 6,8,0,6,18,0,5,7,0,5,19,0,4,7,0,4,19,0,3,7,0,3,19,0,2,7,0,2,19,0,1,7,0,1,19,0,
4cd4b4b12944b1f707d658ec 142.0 40.85228927541987 -73.93484835347691 Chinese+Restaurant, 0,0,0,0,0,0,
4ce25f46f8cdb1f79d8ba112 2312.0 -33.872337 151.093664 Caf%C3%A9, 0,0,0,0,0,0,
4cf3e1fbcc61a35ddf8b229e 87.0 40.75838003 -73.937228  0,0,0,0,0,0,
4cfc052dc6cca35d38768f32 34.0 -34.855558 150.610579 Gas+Station+%2F+Garage, 0,0,0,0,0,0,
4cfc71a07f2db1f743ee32d4 12.0 -34.8534848559297 150.6107997894287 Furniture+%2F+Home+Store,Factory,Office, 0,0,0,0,0,0,
4d0229d118ff8cfade09c357 650.0 40.74465804092736 -73.92733379117152 Doctor%27s+Office, 0,0,0,0,0,0,
4d0d50583905b1f7c7b0994b 504.0 41.30619005300372 -72.92744220219961 African+Restaurant, 0,0,0,0,0,0,
4d0fd6e659606dcbf434713e 23.0 -33.91629802150079 151.0407257080078 Bakery, 0,0,0,0,0,0,
4d149741816af04d3a033dc2 57.0 -33.92210726796013 151.02947652339935 Church, 0,0,0,0,0,0,
4d18376325cda14315457dd6 6.0 -34.760661 150.78497 General+Travel,Residential+Building+%28Apartment+%2F+Condo%29,Boarding+House, 0,0,0,0,0,0,
4d33ad16eefa8cfac6ac43b3 108.0 -33.9183457704342 151.03251680731773 Bakery,Sandwich+Place,Vietnamese+Restaurant, 0,0,0,0,0,0,
4d3855b8d60c6dcb450477bc 22.0 40.85563866005799 -73.90056259601329 Dentist%27s+Office, 0,0,0,0,0,0,
4d43f6a13616b60cc72edfc2 6.0 29.988379911694953 120.62574230265699 Home+%28private%29, 0,0,0,0,0,0,
4d48a1ef48a06dcbe09d65a2 15.0 -33.87484518280956 151.2066612605957 Office,Coworking+Space, 0,0,0,0,0,0,
4d49d00ef53c8cfa78561c47 2748.0 40.72199388302612 -73.98530144868828 Caf%C3%A9,Italian+Restaurant, 6,10,0,6,22,0,5,8,0,5,21,0,4,8,0,4,19,0,3,8,0,3,19,0,2,8,0,2,19,0,1,8,0,1,19,0,
4d4c82ed5f9db60c00423650 17.0 -33.88591969359011 150.936552055786 Home+%28private%29, 0,0,0,0,0,0,
4d55f917ba5b224be7231514 14.0 30.143274316931322 120.57054363951048  0,0,0,0,0,0,
4d56c92158856dcb5fba5c6d 3545.0 40.725294802091895 -73.9949141624021 Hobby+Shop,Electronics+Store, 7,0,0,7,18,0,6,0,0,6,19,0,5,0,0,5,19,0,4,0,0,4,19,0,3,0,0,3,19,0,2,0,0,2,19,0,1,0,0,1,19,0,
4d757b46e40aa09373dd0be2 14798.0 40.74613120785279 -73.97810339927673 Burger+Joint, 6,11,0,6,0,0,5,11,0,5,0,0,
4d767e091d7ab1f702ca8bfb 655.0 40.803654 -73.967131 Sandwich+Place, 0,0,0,0,0,0,
4d76c12d88235481d4a76e8c 34.0 40.8524923317558 -73.93149582688235 Sandwich+Place, 0,0,0,0,0,0,
4d7d7a73645ea35d2c7759f8 9.0 -27.115196 150.894791 Building,Coworking+Space, 0,0,0,0,0,0,
4d81613f59d16dcb9535f81b 6.0 -41.17945075035095 146.37046337127686 Caf%C3%A9, 0,0,0,0,0,0,
4d8486a75e70224bd91d0e09 33.0 30.263312218563748 120.12172208016301 Chinese+Restaurant, 0,0,0,0,0,0,
4d89ac5e1508a143a4db121e 30.0 -33.935813 151.053073 Road,Home+%28private%29, 0,0,0,0,0,0,
4d95125a2bd6f04dc2e51650 2204.0 40.727528714774735 -74.00798094099952 Art+Museum, 7,10,0,7,17,0,6,10,0,6,17,0,5,0,0,5,18,0,4,0,0,4,18,0,
4d9784d6e07ea35df7e4db02 14.0 42.40500358906153 -71.11763535979999 College+Rec+Center, 0,0,0,0,0,0,
4dbdf0c50437955ec059e71b 1114.0 38.56621992643254 -121.49960889712095 Donut+Shop, 0,0,0,0,0,0,
4dd078eee4cd130e16997855 165.0 25.79057711740688 -80.1406694994418 Parking, 0,0,0,0,0,0,
4dd1580eb3adb047f5024231 20219.0 37.442086282055726 -122.16159119091502 Coffee+Shop, 7,7,0,7,20,0,6,6,0,6,20,0,5,6,0,5,21,0,4,6,0,4,21,0,3,6,0,3,21,0,2,6,0,2,21,0,1,6,0,1,21,0,
4dd9c4e6d1647fcf3e83d0d6 94.0 40.79369041651496 -73.94186034276925 Home+%28private%29, 0,0,0,0,0,0,
4dde238ad4c01aeee8f5b9ae 0.0 30.264353 120.117527 College+Lab, 0,0,0,0,0,0,
4de153e6d164df8574e04e64 9.0 -33.86818341770044 150.91597709455 Street, 0,0,0,0,0,0,
4de36fca814df7ebdc1ad5e1 17.0 -33.91900460093161 151.03851556777954 Road, 0,0,0,0,0,0,
4de9064fc65b72347a1e967f 735.0 40.862538 -73.921156 Basketball+Court, 0,0,0,0,0,0,
4df16022814d67cb4ba6dea3 20.0 -33.87266301287011 151.20441593906793 Home+%28private%29,Coworking+Space, 0,0,0,0,0,0,
4df1b5231520a5483e6b45d4 3.0 40.74241242338376 -73.98785591125488 Hot+Spring, 0,0,0,0,0,0,
4df60e34cc3fc3e01352ec6b 5.0 -33.92610006054197 151.24825358390808 Road, 0,0,0,0,0,0,
4e00d5f8d22db37fb026525e 7.0 40.450614 -74.37845769 Shop+%26+Service, 0,0,0,0,0,0,
4e049615fa7643f3a027c140 699.0 29.89525346217011 -81.3112170066407 Breakfast+Spot,American+Restaurant, 0,0,0,0,0,0,
4e0554dd2271dfa46ba1fdab 8431.0 40.7647704480366 -73.91679913670092 Cajun+%2F+Creole+Restaurant,Southern+%2F+Soul+Food+Restaurant, 7,11,0,7,22,0,6,11,0,6,23,0,5,17,0,5,23,0,4,17,0,4,23,0,3,17,0,3,23,0,2,17,0,2,23,0,1,17,0,1,23,0,
4e0e757c922e6f94b14144a3 16.0 -33.916422668494604 151.037700176239 Laundry+Service, 0,0,0,0,0,0,
4e295d95ae60078b2fd43024 573.0 -33.88953476237117 151.12621307373047 Japanese+Restaurant,Ramen+%2F+Noodle+House, 0,0,0,0,0,0,
4e2b5c86c65bcaf4002e7569 964.0 -33.862636 151.087972 Dessert+Shop,Caf%C3%A9, 7,11,0,7,23,0,6,11,0,6,23,0,5,11,0,5,23,0,4,11,0,4,23,0,3,11,0,3,23,0,2,11,0,2,23,0,1,11,0,1,23,0,
4e43d56baeb7d02fd0e2fa63 4639.0 40.69464485 -73.993444775 Vietnamese+Restaurant,Sandwich+Place,Tea+Room, 7,11,30,7,21,0,6,11,30,6,21,0,5,11,30,5,21,0,4,11,30,4,21,0,3,11,30,3,21,0,2,11,30,2,21,0,1,11,30,1,21,0,
4e45ce00d22d12b08bb9893a 20.0 -33.93009960651398 151.0116559267044 Auto+Garage, 0,0,0,0,0,0,
4e4e8fa081308c328c67daae 3886.0 40.74303629955602 -73.98721218109131 Museum, 7,10,0,7,17,0,6,10,0,6,17,0,5,10,0,5,17,0,4,10,0,4,17,0,3,10,0,3,17,0,2,10,0,2,17,0,1,10,0,1,17,0,
4e585c52e4cd6acbd76a2166 49.0 -33.91660643684639 151.03763761014267 Bakery, 0,0,0,0,0,0,
4e6d3e98fa768e6cee026814 187.0 38.048416492519024 -122.98840011375853 Beach, 0,0,0,0,0,0,
4e6d6c33d22d7dd4d9ab365c 71.0 -27.467556 153.028097 Juice+Bar,Salad+Place,Sandwich+Place, 5,6,30,5,16,30,4,6,30,4,16,30,3,6,30,3,16,30,2,6,30,2,16,30,1,6,30,1,16,30,
4e6d79f68998a706cd7f32d0 11.0 -27.39330247420492 153.02520632743835 Factory,Building,Office, 0,0,0,0,0,0,
4e893992775bf302f4262839 52.0 -33.918489603682936 151.03311773595817 Grocery+Store, 0,0,0,0,0,0,
4e8edfb777c843122cca23fe 592.0 -33.87465586018745 151.2015958148221 Dessert+Shop, 0,0,0,0,0,0,
4e9906b155033ea8ab924255 72.0 -33.86408348844744 151.04374391401836 Fried+Chicken+Joint, 0,0,0,0,0,0,
4e9b457e77c807974c3b7ae7 104.0 40.816776317137226 -73.96537147003376 Home+%28private%29, 0,0,0,0,0,0,
4e9dd55bd5fbfc17a6c20906 37.0 40.85334177656711 -73.93401861190796 School, 0,0,0,0,0,0,
4eade683cc21b06a57cde8b8 4359.0 40.75943448940211 -73.82905125596153 Food+Court, 0,0,0,0,0,0,
4eb16c0b6c25700faa4d38db 4918.0 42.35336538737532 -71.05615776889456 Food+Truck,Vietnamese+Restaurant,Moving+Target, 0,0,0,0,0,0,
4ece9f3d02d5feaa1a3bbfab 383.0 41.21992122434233 -73.40446472167969 Field, 0,0,0,0,0,0,
4ed2b92ab8f7971d6d6e96f6 6.0 -33.774438673308815 151.00974082946777 Office,Coworking+Space, 0,0,0,0,0,0,
4ed6316a2c5b3d826e649dbf 65302.0 40.752733 -73.976907 Electronics+Store, 7,11,0,7,18,0,6,10,0,6,19,0,5,7,0,5,21,0,4,7,0,4,21,0,3,7,0,3,21,0,2,7,0,2,21,0,1,7,0,1,21,0,
4edb84487ee5e8e3e82aa196 2064.0 59.940284823700054 30.319293054709828 Restaurant, 7,0,0,7,1,0,6,0,0,6,1,0,5,0,0,5,1,0,4,0,0,4,1,0,3,0,0,3,1,0,2,0,0,2,1,0,1,0,0,1,1,0,
4edbc7a9f790c045475d490d 222.0 11.807086632293615 -86.52088873077564 Restaurant, 0,0,0,0,0,0,
4ee62d6c61aff5a34365c2e6 276.0 40.64340377543437 -73.77967645341583 Bakery, 0,0,0,0,0,0,
4efb2003c2ee9f8485b94752 1193.0 40.70286258880174 -73.986976146698 Coworking+Space, 0,0,0,0,0,0,
4f022d990e618ea768dfd645 37.0 40.74124774015527 -73.99137329642457 Tech+Startup, 0,0,0,0,0,0,
4f02f96a775bec6b466809ac 3101.0 8.977081608832497 -79.5236922216168 Mexican+Restaurant, 4,0,0,4,23,0,3,0,0,3,23,0,2,0,0,2,23,0,1,0,0,1,23,0,
4f06a24aa17c363addfa0436 46.0 -33.86364508516994 151.03312969207764 Park,Playground, 0,0,0,0,0,0,
4f0e113ce4b0b30607249978 1124.0 41.092000715641305 -73.92139197180231 Donut+Shop,Coffee+Shop, 7,7,0,7,19,0,6,7,0,6,19,0,5,7,0,5,19,0,4,7,0,4,19,0,3,7,0,3,19,0,2,7,0,2,19,0,1,7,0,1,19,0,
4f18e49be4b00ed3534f78a8 3712.0 40.71395328607115 -74.00925486114296 Bar,Gastropub, 6,11,0,6,2,0,5,11,0,5,2,0,4,11,0,4,2,0,
4f1a95b4e4b0288a02240334 222554.0 59.93193742857297 30.359679267138997 Department+Store,Mall, 7,10,0,7,23,0,6,10,0,6,23,0,5,10,0,5,23,0,4,10,0,4,23,0,3,10,0,3,23,0,2,10,0,2,23,0,1,10,0,1,23,0,
4f1dc62ca17c71e1e86b0354 2536.0 40.766192799132725 -73.96926283836365 Tech+Startup, 0,0,0,0,0,0,
4f208436e4b0e2de56db2754 2486.0 40.760601756774776 -73.96674611652331 Chinese+Restaurant, 0,0,0,0,0,0,
4f2340f8e4b0d609c552f30d 140.0 -27.472447790721407 153.03101295499638 Harbor+%2F+Marina, 0,0,0,0,0,0,
4f2a012ce4b0a7b3771950bb 3448.0 37.75163762444914 -122.42879955446043 Sushi+Restaurant, 7,0,0,7,14,0,6,17,30,6,23,0,6,0,0,6,14,0,5,17,30,5,23,0,5,0,0,5,14,0,4,17,30,4,22,0,4,0,0,4,14,0,3,17,30,3,22,0,3,0,0,3,14,0,2,17,30,2,22,0,2,0,0,2,14,0,
4f32555019836c91c7cd6d32 28.0 40.79725 -73.969765 Sushi+Restaurant,Asian+Restaurant, 0,0,0,0,0,0,
4f32bb7d19836c91c7f46ffa 7.0 37.443078 -122.14827 Nightlife+Spot, 0,0,0,0,0,0,
4f32d568e4b0f464ed475b34 357.0 40.77598192116673 -73.87451126542294 Sandwich+Place,Deli+%2F+Bodega, 0,0,0,0,0,0,
4f344e7de4b097dab0a1e231 39.0 40.80931771950234 -73.96070219050564 General+College+%26+University, 0,0,0,0,0,0,
4f3a9e05bb3d2fbe725ca57a 15715.0 40.74247745309511 -74.00684595108032 Coffee+Shop,Caf%C3%A9, 7,8,0,7,19,0,6,8,0,6,19,0,5,7,0,5,19,0,4,7,0,4,19,0,3,7,0,3,19,0,2,7,0,2,19,0,1,7,0,1,19,0,
4f4184cce4b0102f0ebdbf57 2154.0 40.69126805907583 -73.98663291000051 Clothing+Store, 0,0,0,0,0,0,
4f50f916e4b062d9da7c78af 1062.0 37.78089148069145 -122.46431332112961 Caf%C3%A9, 0,0,0,0,0,0,
4f54cc1ce4b063296f9820c1 46412.0 59.93420715202739 30.3376829624176 Gourmet+Shop,Coffee+Shop, 7,10,0,7,23,0,6,10,0,6,23,0,5,10,0,5,23,0,4,10,0,4,23,0,3,10,0,3,23,0,2,10,0,2,23,0,1,10,0,1,23,0,
4f776fabe4b04368dcbe713b 46.0 12.437196767076507 -86.86309141116905 Hotel+Pool, 0,0,0,0,0,0,
4f79423a1081186a21dbf3a9 6622.0 -33.910813373270116 151.19442701339722 Caf%C3%A9,Coffee+Shop, 7,7,30,7,16,0,6,7,30,6,16,0,5,7,0,5,16,0,4,7,0,4,16,0,3,7,0,3,16,0,2,7,0,2,16,0,1,7,0,1,16,0,
4fa88ca0e4b00b5cf0a511db 135.0 -27.467039812843968 153.0277876963407 Vietnamese+Restaurant, 0,0,0,0,0,0,
4fb29f54e4b002c22893b1fd 9232.0 42.374158152453184 -71.12078100442886 Concert+Hall,American+Restaurant, 0,0,0,0,0,0,
4fb872a7e4b018d6ec456975 11.0 40.81131139779161 -73.96013394840435 Residential+Building+%28Apartment+%2F+Condo%29, 0,0,0,0,0,0,
4fbaf180e4b0ffe177b67058 33.0 40.80356163623484 -73.94186034276925 Home+%28private%29, 0,0,0,0,0,0,
4fbc7d50e4b005e6f292187e 36.0 40.42471250140186 -74.49359128975412 Home+%28private%29, 0,0,0,0,0,0,
4fc9a6b8e4b0ac96391fa938 71.0 40.74277689101572 -74.00063278107605 Home+%28private%29, 0,0,0,0,0,0,
4fcbfc92e4b088c92e7e97ad 2473.0 40.5838270594035 -73.94464727251008 Restaurant,Turkish+Restaurant, 7,8,0,7,2,0,6,8,0,6,2,0,5,8,0,5,2,0,4,8,0,4,2,0,3,8,0,3,2,0,2,8,0,2,2,0,1,8,0,1,2,0,
4fce1ceac2ee04dbc398fd29 52.0 37.764162691416885 -122.42973690096966 Home+%28private%29, 0,0,0,0,0,0,
4fd433f4e4b0352ac48a5932 14.0 -34.615231 150.24939 Winery, 0,0,0,0,0,0,
4fef7467e4b003445ae6715e 5.0 41.65547561645508 -73.9224624633789 Pool,Home+%28private%29, 0,0,0,0,0,0,
4ff51c88e4b07fe9454f6207 8.0 40.744811633299555 -73.90234822237609 Speakeasy, 0,0,0,0,0,0,
4ffa2c47e4b09036698afce3 115.0 -34.9244094073543 138.59899716056773 Coffee+Shop,Caf%C3%A9, 0,0,0,0,0,0,
50106071e4b025fd6f7ffd85 18.0 40.828055 -74.187051 Laundry+Service, 0,0,0,0,0,0,
5013dee9e4b0adaeb0cfba20 304.0 40.863464956207835 -73.99827706370102 Stables,Farm, 7,9,0,7,17,0,6,9,0,6,17,0,5,9,0,5,20,0,4,9,0,4,20,0,3,9,0,3,20,0,2,9,0,2,20,0,
5025eddce4b059c124185863 3083.0 37.76156899211544 -122.42161571827448 Italian+Restaurant, 0,0,0,0,0,0,
5028066be4b092aac6928cd8 16.0 48.03627189809806 27.799242249819322 Flower+Shop, 0,0,0,0,0,0,
5034e9d6e4b04416d698a6c0 3.0 30.263932081077453 120.12209993807686 Hotel, 0,0,0,0,0,0,
503ee7efe4b0b4cb22c7f3bb 6.0 40.740615 -74.00197 Tech+Startup, 0,0,0,0,0,0,
504e4c28e4b0deb86cac41d0 20.0 11.564544 -85.57886 Hotel, 0,0,0,0,0,0,
50574c27f31cfd0b01a90eaa 2191.0 40.75205238411236 -73.92620801925659 Coffee+Shop, 7,9,0,7,18,0,6,9,0,6,18,0,5,7,0,5,19,0,4,7,0,4,19,0,3,7,0,3,19,0,2,7,0,2,19,0,1,7,0,1,19,0,
50672935498e82405ed3a01b 10.0 40.41630457385092 -74.4208316808461 Church, 0,0,0,0,0,0,
506b72aae4b03ac695b5e742 2053.0 40.76804392212925 -73.98176040537066 Lounge,Bar, 0,0,0,0,0,0,
50783126e889ab8215cc72f8 13.0 35.5437939769771 -77.05336332321166 Office, 5,8,30,5,17,0,4,8,30,4,17,0,3,8,30,3,17,0,2,8,30,2,17,0,1,8,30,1,17,0,
5081d6dce4b0cd9d3a329e77 99.0 42.358093 -71.070538 Art+Gallery, 6,10,0,6,20,0,5,10,0,5,20,0,4,10,0,4,18,0,3,10,0,3,18,0,2,10,0,2,18,0,
508340bf45b01b8f7cfae9fc 2746.0 40.72264044368007 -73.98901462554932 Hot+Dog+Joint, 6,0,0,6,4,0,5,0,0,5,4,0,4,0,0,4,3,0,
508b5e4ee4b0a1c8471fbc5f 3830.0 40.72255220671578 -73.98766593396819 Latin+American+Restaurant,South+American+Restaurant, 0,0,0,0,0,0,
509900bee4b031e7dd668baf 13.0 40.866252 -73.923677 Elementary+School, 0,0,0,0,0,0,
50a46844e4b0d334691441c7 8.0 40.80959425530015 -73.96195346519177 College+Lab, 0,0,0,0,0,0,
50a97031e4b0f07660ace8d4 3.0 -27.46310806274414 153.02825927734375 Office, 0,0,0,0,0,0,
50aff142e4b0c59ee9ba07e3 11.0 40.7705550854547 -73.86191213443418 Plane,Moving+Target, 0,0,0,0,0,0,
50b7d205e4b060c792fcd555 156.0 40.766310443320265 -73.9694207659331 Coffee+Shop, 0,0,0,0,0,0,
50beaa6de4b0e8d842498e28 11.0 -33.881414950991655 151.20530097328225 Office, 0,0,0,0,0,0,
50c35d8ee4b02917136961b9 874.0 40.49871993306935 -74.42762777647108 Coffee+Shop, 7,9,0,7,18,0,6,9,0,6,21,0,5,7,0,5,21,0,4,7,0,4,18,0,3,7,0,3,18,0,2,7,0,2,18,0,1,7,0,1,18,0,
50c93c30e4b0b8f945523f0e 64.0 -27.466790463114364 153.02708630969127 Vegetarian+%2F+Vegan+Restaurant, 0,0,0,0,0,0,
50df7864e4b0a6d1c4a32124 105.0 11.459884034133658 -85.79108701536413 Lake, 0,0,0,0,0,0,
50fdb4cfe4b04f85639dae5d 328.0 40.82329902868254 -73.94186034276925 Home+%28private%29,Nail+Salon,Cocktail+Bar, 0,0,0,0,0,0,
51056d96e4b0b154d5638f90 216.0 38.5799818703581 -121.49364678038266 Church, 0,0,0,0,0,0,
5114c692e4b00731803a15cc 393.0 -33.89183142171964 151.21447033263652 Cocktail+Bar, 0,0,0,0,0,0,
513f4e2b011cf68bdb4302f3 8.0 12.45145357136358 -86.97627067565918 Neighborhood, 0,0,0,0,0,0,
514dcbd4e4b0176602976944 13.0 35.79517428217178 -78.65122100952392 Home+%28private%29, 0,0,0,0,0,0,
515ee4f5e4b03ca0466ca00e 21.0 40.72875287232472 -73.978609568045 Hardware+Store,Miscellaneous+Shop, 0,0,0,0,0,0,
51674f89e4b03547b688bb37 231.0 40.718264 -73.991948 Snack+Place, 0,0,0,0,0,0,
5169ab89e4b0ad0b58c3e75d 6.0 40.723252875390386 -73.99532735481978 Flea+Market, 0,0,0,0,0,0,
51772b3ae4b013feac164418 11.0 40.723932575075324 -73.999585480339 Art+Gallery, 0,0,0,0,0,0,
517b97db498e0a55f3f89835 8.0 30.246317480246994 -97.7579683281769 Home+%28private%29, 0,0,0,0,0,0,
518573f7498ee03b3d49ce6b 3.0 40.741261 -73.993863 Board+Shop, 0,0,0,0,0,0,
518bb4ce498ef13789f3a689 4.0 40.85334777832031 -73.90251922607422 Dentist%27s+Office, 0,0,0,0,0,0,
51902529498ed1b8e6415036 21.0 37.44159262748069 -122.20298317605149 Home+%28private%29, 0,0,0,0,0,0,
51905645498e580d2175fda0 543.0 -33.92220660505871 151.22699866352693 Malaysian+Restaurant, 0,0,0,0,0,0,
519d042f498e40cef307cdff 29.0 40.766284556250355 -73.96934041220001 Bank, 0,0,0,0,0,0,
51a0fab0498eefd196426bd7 20.0 40.93284168213415 -76.11459928183801 Home+%28private%29, 0,0,0,0,0,0,
51a169238bbd0c664185366b 52.0 40.71173107 -73.99193043 Bike+Rental+%2F+Bike+Share, 0,0,0,0,0,0,
51a16fbb8bbd0c66418977fa 69.0 40.72019576 -73.98997825 Bike+Rental+%2F+Bike+Share, 0,0,0,0,0,0,
51a19694498eae4ebb292d32 5.0 -33.87479854497554 151.1049623666619 Shoe+Store, 0,0,0,0,0,0,
51b0adf6498e859ad8cf28eb 5.0 40.79369041651496 -73.94186034276925 Home+%28private%29, 0,0,0,0,0,0,
51c4a76b498e73948ed88276 838.0 42.406817617580984 -71.13261163161188 Grocery+Store, 0,0,0,0,0,0,
51cf5391498ede5bd6c60966 13.0 40.76071686239771 -73.91834636014222 Home+%28private%29, 0,0,0,0,0,0,
51d5b5db498e147aa4a4bf80 32.0 40.704846 -74.004874 Mexican+Restaurant, 0,0,0,0,0,0,
51d9fd1e498e43667ed41d10 48.0 40.71603949549934 -73.99144216316094 Other+Great+Outdoors, 0,0,0,0,0,0,
51de699d498e7ec8a15726fb 12.0 -37.86802581211143 145.00396042128247 Motel, 0,0,0,0,0,0,
51e09c69498e74d12e0d70f9 8.0 44.81634790111468 -73.28818961358598 Pier, 0,0,0,0,0,0,
51e0a51b498e9855f666a7c4 8.0 -33.91789174002339 151.0886388820344 Bakery, 0,0,0,0,0,0,
51e2ca82498e7782ffd715a1 8.0 44.810304 -73.257435 Campground, 0,0,0,0,0,0,
51fb538d498e319c4ff8c1ec 12.0 29.96826199214387 -90.05132458901633 Home+%28private%29, 0,0,0,0,0,0,
52019e4b7dd2e9c2da10eb5f 1629.0 -33.87951474555054 151.21110498905182 Caf%C3%A9, 7,7,0,7,16,0,6,7,0,6,16,0,5,7,0,5,16,0,4,7,0,4,16,0,3,7,0,3,16,0,2,7,0,2,16,0,1,7,0,1,16,0,
5206617911d2522d7954d5bd 69.0 41.191858539598115 -73.43067917192991 Coffee+Shop,Bagel+Shop,Breakfast+Spot, 7,7,30,7,15,0,6,7,30,6,15,0,5,6,30,5,15,0,4,6,30,4,15,0,3,6,30,3,15,0,2,6,30,2,15,0,1,6,30,1,15,0,
52176562498eef09c7f865c2 2428.0 40.74026288204419 -73.99475347622136 Office, 0,0,0,0,0,0,
5218f96211d29cbfd33c556d 53.0 38.90279054891909 -77.05068964855819 Home+%28private%29,Whisky+Bar,Wine+Bar, 0,0,0,0,0,0,
521a590e11d242c074f3f365 12.0 40.76331811094812 -73.99676204379885 Other+Great+Outdoors, 0,0,0,0,0,0,
521a852611d20bf2e8634f64 9.0 -27.46737289428711 153.0276641845703 Coffee+Shop, 0,0,0,0,0,0,
521c938511d2435f4921cb73 4246.0 40.75441284647587 -73.9886759964726 Coffee+Shop,Caf%C3%A9,American+Restaurant, 7,9,0,7,16,0,6,9,0,6,16,0,5,7,0,5,20,0,4,7,0,4,20,0,3,7,0,3,20,0,2,7,0,2,20,0,1,7,0,1,20,0,
5237794004932b25a6f59be8 1220.0 40.69479361905503 -73.99958252906798 Art+Gallery, 0,0,0,0,0,0,
52384af3498e8911124f5e72 15.0 16.737117767333984 100.20063018798828 College+Residence+Hall, 0,0,0,0,0,0,
524ab1a2498e2733db2e7a53 674.0 42.41146149169174 -71.12166235510063 Coffee+Shop, 0,0,0,0,0,0,
524d3a4b498e841848f438fb 85.0 -33.88646653556321 150.94163417816162 Australian+Restaurant, 7,17,0,7,1,0,7,9,0,7,15,0,6,17,0,6,1,0,6,9,0,6,15,0,5,17,0,5,1,0,5,11,0,5,15,30,4,17,0,4,1,0,4,11,0,4,15,30,3,17,0,3,1,0,3,11,0,3,15,30,2,17,0,2,1,0,2,11,0,2,15,30,1,17,0,1,1,0,1,11,0,1,15,30,
525826ef11d2e91aff5873f6 34.0 8.979838338507703 -79.51915741147229 Breakfast+Spot, 0,0,0,0,0,0,
5259739911d2da358f30c814 1995.0 40.7215752566295 -73.98844599723816 Coffee+Shop,Caf%C3%A9,Art+Gallery, 7,9,0,7,22,0,6,9,0,6,22,0,5,8,0,5,22,0,4,8,0,4,22,0,3,8,0,3,22,0,2,8,0,2,22,0,1,8,0,1,22,0,
5263edb1498e3d9d5889b63b 17.0 40.67364 -73.963039 Public+Art, 0,0,0,0,0,0,
527a6ac1498e2e7f6be4c211 487.0 40.71620662920878 -73.96573593884727 Boutique,Clothing+Store, 7,10,0,7,19,30,6,10,0,6,19,30,5,10,0,5,19,30,4,10,0,4,19,30,3,10,0,3,19,30,2,10,0,2,19,30,1,10,0,1,19,30,
527dfdfe11d28164863bac13 24.0 37.764162691416885 -122.42973690096966 Home+%28private%29, 0,0,0,0,0,0,
5280941d498ece488b5d101d 263.0 -33.87010376497056 151.20479106903076 Bar,Cocktail+Bar,Lounge, 6,17,0,6,0,0,5,17,0,5,0,0,4,17,0,4,0,0,3,17,0,3,0,0,2,17,0,2,0,0,1,17,0,1,0,0,
5287e0dd11d2dcdd0de26dc0 102.0 40.72825237649099 -73.9817775350863 Convenience+Store, 0,0,0,0,0,0,
528acc5211d224c0efd39922 104.0 -33.94129735765254 151.10023008657697 Caf%C3%A9,Australian+Restaurant, 7,8,0,7,16,0,6,18,0,6,22,0,6,8,0,6,16,0,5,18,0,5,22,0,5,7,0,5,16,0,4,18,0,4,22,0,4,7,0,4,16,0,3,18,0,3,22,0,3,7,0,3,16,0,2,7,0,2,16,0,
528e477f11d2527897b1143d 55.0 40.766369 -73.969214 Speakeasy, 0,0,0,0,0,0,
52916cfc11d249942c3d1092 5.0 40.73122649796362 -73.98887973002674 Home+%28private%29, 0,0,0,0,0,0,
52970038498e42dd71b3cc89 41.0 -33.86233345861137 151.04478439763614 Dumpling+Restaurant, 7,11,0,7,22,0,6,11,0,6,22,0,5,11,0,5,22,0,4,11,0,4,22,0,3,11,0,3,22,0,2,11,0,2,22,0,1,11,0,1,22,0,
529a3ca511d2702ef19cda9c 5.0 40.723697 -73.848265 Bank, 0,0,0,0,0,0,
529bc0b0498e6a0cd5f3a692 2.0 40.710818 -73.98958 Gym, 0,0,0,0,0,0,
529fbc4b11d2d9154990da54 9.0 40.76448530823747 -73.97339823381394 Other+Great+Outdoors, 0,0,0,0,0,0,
52aa9d9e498e39127dd20915 22.0 40.729209676912156 -73.98301728235063 Residential+Building+%28Apartment+%2F+Condo%29, 0,0,0,0,0,0,
52ab8eb511d2d1e1ed1b6875 5.0 42.36614385916939 -71.05571960474445 Home+%28private%29, 0,0,0,0,0,0,
52b0a990498eb3a992b89573 1831.0 40.720715369915524 -73.9970988035202 Coffee+Shop, 7,8,0,7,19,0,6,8,0,6,19,0,5,7,30,5,19,0,4,7,30,4,19,0,3,7,30,3,19,0,2,7,30,2,19,0,1,7,30,1,19,0,
52b8e92b11d2a2a2a9290375 4.0 18.45062605443354 -66.0636422134554 Bed+%26+Breakfast,Home+%28private%29, 0,0,0,0,0,0,
52bc84d8498e21085df1043c 9.0 18.376086647342486 -67.23046300046084 Spa, 0,0,0,0,0,0,
52ca0e28498e4e63d73d6f62 191.0 -33.857037 151.214501 Beer+Garden,Cocktail+Bar, 0,0,0,0,0,0,
52e3433d498e36feb89a531b 4.0 35.78548187767523 -78.66256699955369 Home+%28private%29, 0,0,0,0,0,0,
530ff20411d2a01b7bb8a19c 974.0 40.71773322592729 -73.99249811668925 Chinese+Restaurant,Asian+Restaurant, 0,0,0,0,0,0,
531b9a40498e18f9f209c589 24.0 33.885192 -118.409387 Ice+Cream+Shop, 0,0,0,0,0,0,
5324dcfd498e231be92229c7 6.0 40.72134148815057 -73.98887973002674 Home+%28private%29, 0,0,0,0,0,0,
5324f0a2498ee054d467fdf6 5.0 40.72300837861516 -74.00063278107605 Home+%28private%29, 0,0,0,0,0,0,
5338a897498e1b9bc410d5d1 25.0 40.75443383277273 -73.9337404187369 Brazilian+Restaurant, 0,0,0,0,0,0,
533f7086498e791f08c4d3b7 4.0 40.69321217941903 -73.93010370763156 Home+%28private%29, 0,0,0,0,0,0,
5349d089498eee82fc79efd8 8.0 40.71145479886284 -73.98887973002674 Home+%28private%29, 0,0,0,0,0,0,
53592bac498eb3828adf1056 5.0 40.69209 -73.984443 Deli+%2F+Bodega, 0,0,0,0,0,0,
