0 35492
1 125581
2 61958
3 37930
4 25680
5 18556
6 14311
7 11312
8 9320
9 7874
10 6479
11 5517
12 4893
13 4320
14 3855
15 3488
16 3180
17 2989
18 2742
19 2467
20 2321
21 2105
22 1939
23 1785
24 1773
25 1649
26 1642
27 1467
28 1445
29 1299
30 1250
31 1222
32 1157
33 1070
34 1063
35 990
36 966
37 887
38 944
39 892
40 788
41 762
42 740
43 707
44 748
45 652
46 671
47 618
48 617
49 607
50 525
51 586
52 535
53 531
54 514
55 546
56 482
57 451
58 450
59 483
60 497
61 443
62 408
63 410
64 403
65 358
66 389
67 366
68 336
69 351
70 363
71 336
72 341
73 313
74 307
75 299
76 321
77 312
78 292
79 275
80 268
81 296
82 299
83 282
84 297
85 262
86 255
87 251
88 261
89 221
90 224
91 223
92 225
93 248
94 232
95 198
96 209
97 228
98 203
99 206
100 211
101 195
102 185
103 190
104 231
105 197
106 184
107 175
108 187
109 164
110 178
111 191
112 201
113 186
114 184
115 145
116 158
117 145
118 171
119 155
120 144
121 155
122 151
123 141
124 160
125 135
126 117
127 164
128 160
129 116
130 128
131 143
132 145
133 135
134 125
135 134
136 138
137 116
138 134
139 132
140 133
141 108
142 116
143 116
144 111
145 121
146 106
147 107
148 119
149 113
150 131
151 106
152 115
153 102
154 120
155 96
156 103
157 101
158 99
159 95
160 93
161 99
162 78
163 108
164 101
165 113
166 99
167 100
168 97
169 102
170 90
171 102
172 81
173 91
174 100
175 88
176 96
177 88
178 83
179 78
180 81
181 71
182 87
183 82
184 84
185 89
186 76
187 86
188 62
189 93
190 73
191 81
192 82
193 81
194 72
195 89
196 60
197 78
198 68
199 74
200 69
201 72
202 58
203 74
204 66
205 60
206 82
207 66
208 74
209 74
210 63
211 67
212 69
213 70
214 65
215 83
216 76
217 75
218 70
219 62
220 59
221 85
222 46
223 50
224 81
225 72
226 52
227 50
228 59
229 73
230 56
231 48
232 68
233 57
234 50
235 66
236 49
237 63
238 54
239 58
240 54
241 60
242 55
243 42
244 43
245 60
246 53
247 68
248 48
249 44
250 58
251 55
252 42
253 49
254 43
255 52
256 49
257 45
258 56
259 50
260 49
261 50
262 56
263 55
264 51
265 42
266 31
267 42
268 52
269 52
270 44
271 67
272 52
273 49
274 55
275 44
276 37
277 54
278 47
279 46
280 41
281 38
282 30
283 44
284 41
285 50
286 41
287 47
288 41
289 41
290 53
291 32
292 52
293 43
294 32
295 48
296 52
297 29
298 54
299 36
300 40
301 35
302 47
303 39
304 41
305 35
306 43
307 34
308 40
309 39
310 38
311 46
312 43
313 33
314 31
315 38
316 34
317 36
318 46
319 23
320 37
321 32
322 26
323 29
324 41
325 35
326 38
327 39
328 28
329 31
330 37
331 38
332 29
333 31
334 27
335 38
336 34
337 38
338 31
339 45
340 31
341 36
342 31
343 34
344 38
345 34
346 33
347 30
348 31
349 37
350 24
351 27
352 26
353 36
354 41
355 32
356 22
357 24
358 33
359 28
360 26
361 37
362 31
363 27
364 27
365 25
366 24
367 35
368 34
369 30
370 17
371 37
372 31
373 20
374 37
375 26
376 25
377 32
378 38
379 31
380 28
381 37
382 33
383 33
384 29
385 30
386 26
387 22
388 22
389 17
390 27
391 25
392 24
393 21
394 30
395 32
396 25
397 25
398 19
399 22
400 21
401 26
402 24
403 21
404 26
405 20
406 25
407 27
408 17
409 25
410 23
411 21
412 23
413 30
414 20
415 20
416 27
417 19
418 25
419 23
420 25
421 23
422 22
423 15
424 24
425 28
426 24
427 21
428 26
429 25
430 21
431 28
432 23
433 29
434 29
435 14
436 27
437 25
438 30
439 22
440 31
441 21
442 22
443 20
444 22
445 18
446 24
447 16
448 20
449 21
450 22
451 24
452 28
453 25
454 24
455 22
456 16
457 20
458 18
459 16
460 25
461 24
462 19
463 19
464 17
465 26
466 21
467 21
468 19
469 17
470 15
471 18
472 19
473 16
474 16
475 16
476 24
477 18
478 24
479 25
480 16
481 27
482 17
483 15
484 12
485 17
486 14
487 28
488 19
489 22
490 26
491 19
492 25
493 16
494 13
495 15
496 18
497 16
498 12
499 12
500 20
501 10
502 21
503 27
504 20
505 20
506 11
507 21
508 17
509 24
510 11
511 25
512 17
513 9
514 20
515 16
516 18
517 16
518 15
519 11
520 17
521 17
522 20
523 15
524 18
525 12
526 18
527 10
528 18
529 19
530 22
531 19
532 19
533 15
534 12
535 14
536 15
537 12
538 18
539 20
540 12
541 22
542 13
543 16
544 17
545 13
546 14
547 12
548 8
549 19
550 16
551 15
552 17
553 14
554 15
555 12
556 16
557 15
558 11
559 19
560 11
561 12
562 15
563 10
564 19
565 16
566 16
567 17
568 15
569 16
570 21
571 7
572 14
573 9
574 18
575 19
576 14
577 11
578 8
579 15
580 13
581 10
582 15
583 15
584 19
585 25
586 12
587 14
588 17
589 18
590 13
591 16
592 11
593 8
594 19
595 17
596 18
597 11
598 16
599 13
600 14
601 14
602 7
603 12
604 11
605 14
606 13
607 11
608 17
609 9
610 16
611 18
612 10
613 17
614 11
615 12
616 10
617 9
618 11
619 10
620 12
621 16
622 17
623 13
624 11
625 11
626 11
627 11
628 16
629 15
630 11
631 17
632 9
633 13
634 10
635 13
636 14
637 14
638 5
639 11
640 8
641 9
642 10
643 17
644 10
645 11
646 10
647 7
648 8
649 10
650 11
651 11
652 12
653 10
654 12
655 9
656 15
657 13
658 14
659 15
660 12
661 13
662 11
663 16
664 10
665 12
666 7
667 16
668 12
669 13
670 16
671 6
672 9
673 12
674 12
675 11
676 13
677 13
678 22
679 10
680 12
681 13
682 15
683 9
684 13
685 11
686 11
687 8
688 19
689 12
690 8
691 15
692 17
693 6
694 8
695 16
696 14
697 11
698 8
699 10
700 10
701 13
702 17
703 13
704 12
705 7
706 19
707 13
708 8
709 8
710 4
711 8
712 12
713 12
714 16
715 11
716 11
717 12
718 5
719 10
720 12
721 11
722 4
723 14
724 12
725 10
726 14
727 6
728 15
729 10
730 8
731 9
732 12
733 17
734 19
735 8
736 13
737 14
738 9
739 11
740 13
741 10
742 8
743 9
744 9
745 5
746 8
747 8
748 10
749 8
750 9
751 9
752 5
753 10
754 11
755 8
756 6
757 13
758 10
759 13
760 13
761 6
762 12
763 11
764 6
765 9
766 4
767 8
768 9
769 9
770 8
771 4
772 10
773 8
774 13
775 15
776 8
777 10
778 10
779 14
780 8
781 10
782 10
783 11
784 8
785 8
786 11
787 11
788 7
789 7
790 14
791 6
792 9
793 11
794 17
795 11
796 8
797 6
798 12
799 10
800 7
801 12
802 10
803 4
804 8
805 6
806 11
807 6
808 6
809 6
810 5
811 10
812 10
813 13
814 6
815 11
816 11
817 12
818 5
819 8
820 5
821 14
822 8
823 10
824 11
825 12
826 4
827 8
828 10
829 8
830 10
831 9
832 11
833 8
834 10
835 13
836 7
837 4
838 7
839 10
840 7
841 8
842 3
843 8
844 9
845 11
846 14
847 13
848 10
849 8
850 8
851 10
852 11
853 11
854 4
855 8
856 6
857 8
858 7
859 7
860 10
861 6
862 9
863 9
864 4
865 11
866 6
867 8
868 5
869 14
870 9
871 6
872 9
873 9
874 7
875 9
876 6
877 6
878 8
879 13
880 11
881 10
882 4
883 6
884 8
885 13
886 10
887 10
888 8
889 5
890 9
891 8
892 10
893 7
894 13
895 5
896 6
897 9
898 13
899 8
900 10
901 6
902 9
903 13
904 2
905 7
906 3
907 1
908 11
909 10
910 5
911 9
912 5
913 6
914 5
915 3
916 10
917 9
918 8
919 9
920 4
921 8
922 9
923 6
924 7
925 9
926 10
927 7
928 11
929 11
930 6
931 7
932 6
933 4
934 9
935 3
936 10
937 13
938 10
939 6
940 7
941 11
942 6
943 3
944 9
945 9
946 8
947 7
948 6
949 12
950 3
951 7
952 6
953 6
954 6
955 4
956 8
957 4
958 3
959 7
960 7
961 7
962 6
963 4
964 8
965 7
966 9
967 5
968 5
969 8
970 10
971 7
972 8
973 5
974 8
975 5
976 12
977 7
978 6
979 5
980 2
981 7
982 4
983 7
984 13
985 10
986 9
987 4
988 6
989 7
990 10
991 7
992 4
993 6
994 5
995 7
996 9
997 8
998 7
999 8
1000 2
1001 6
1002 7
1003 6
1004 8
1005 7
1006 13
1007 5
1008 6
1009 7
1010 7
1011 10
1012 8
1013 6
1014 7
1015 7
1016 3
1017 10
1018 3
1019 3
1020 3
1021 9
1022 6
1023 5
1024 5
1025 4
1026 5
1027 5
1028 8
1029 5
1030 8
1031 8
1032 7
1033 5
1034 5
1035 4
1036 1
1037 2
1038 3
1039 6
1040 9
1041 8
1042 8
1043 10
1044 5
1045 6
1046 6
1047 4
1048 11
1049 6
1050 7
1051 5
1052 3
1053 4
1054 3
1055 4
1056 4
1057 6
1058 5
1059 4
1060 6
1061 7
1062 9
1063 5
1064 8
1065 9
1066 3
1067 7
1068 8
1069 8
1070 4
1071 7
1072 6
1073 3
1074 5
1075 4
1076 5
1077 4
1078 4
1079 9
1080 6
1081 9
1082 8
1083 3
1084 6
1085 5
1086 8
1087 3
1088 5
1089 3
1090 6
1091 6
1092 3
1093 4
1094 7
1095 3
1096 8
1097 6
1098 9
1099 6
1100 1
1101 9
1102 6
1103 5
1104 8
1105 5
1106 13
1107 3
1108 2
1109 7
1110 1
1111 4
1112 4
1113 1
1114 6
1115 8
1116 4
1117 2
1118 7
1119 2
1120 8
1121 5
1122 3
1123 4
1124 3
1125 10
1126 9
1127 2
1128 6
1129 7
1130 8
1131 6
1132 3
1133 7
1134 3
1135 4
1136 3
1137 6
1138 5
1139 5
1140 3
1141 4
1142 8
1143 5
1144 5
1145 4
1146 8
1147 6
1148 14
1149 2
1150 1
1151 6
1152 5
1153 5
1154 3
1155 7
1156 5
1157 9
1158 5
1159 3
1160 7
1161 5
1162 9
1163 7
1164 5
1165 10
1166 1
1167 3
1168 5
1169 10
1170 5
1171 3
1172 1
1173 2
1174 10
1175 6
1176 6
1177 2
1178 4
1179 4
1180 5
1181 6
1182 3
1183 4
1184 2
1185 4
1186 8
1187 7
1188 3
1189 4
1190 7
1191 5
1192 6
1193 7
1194 8
1195 3
1196 4
1197 4
1198 5
1199 4
1200 4
1201 3
1202 6
1203 3
1204 3
1205 6
1206 2
1207 4
1208 2
1209 3
1210 5
1211 6
1212 10
1213 3
1214 4
1215 4
1216 7
1217 4
1218 5
1219 2
1220 4
1221 4
1222 9
1223 4
1224 6
1225 8
1226 6
1227 4
1228 6
1229 5
1230 6
1231 4
1232 5
1233 4
1234 1
1235 3
1236 4
1237 4
1238 1
1239 3
1240 5
1241 4
1242 3
1243 6
1244 4
1245 6
1246 6
1247 8
1248 4
1249 4
1250 5
1251 3
1252 1
1253 7
1254 1
1255 2
1256 3
1257 5
1258 2
1259 3
1260 7
1261 5
1262 1
1263 3
1264 4
1265 6
1266 7
1267 4
1268 5
1269 3
1270 10
1271 5
1272 6
1273 6
1274 1
1275 5
1276 6
1277 2
1278 3
1279 2
1280 6
1281 6
1282 7
1283 3
1284 3
1285 3
1286 7
1287 11
1288 1
1289 5
1290 4
1291 5
1292 5
1293 3
1294 12
1295 3
1296 6
1297 5
1298 6
1299 11
1300 4
1301 3
1302 2
1303 6
1304 7
1306 7
1307 7
1308 2
1309 2
1310 8
1311 4
1312 7
1313 1
1314 4
1315 1
1316 7
1317 7
1318 2
1319 1
1320 5
1321 5
1322 6
1323 7
1324 4
1325 2
1326 7
1327 3
1328 5
1329 2
1330 5
1331 3
1332 4
1333 4
1334 10
1335 2
1336 3
1337 4
1338 10
1339 5
1340 5
1341 3
1342 5
1343 5
1344 6
1345 4
1346 4
1347 1
1348 7
1349 5
1350 5
1351 4
1352 3
1353 5
1354 8
1355 5
1356 8
1357 4
1358 1
1359 4
1360 7
1361 4
1362 4
1363 2
1364 7
1365 4
1366 4
1367 4
1368 2
1369 6
1370 4
1371 5
1372 3
1373 3
1374 4
1375 7
1376 4
1377 3
1378 4
1379 4
1380 5
1381 5
1382 6
1383 5
1384 6
1385 5
1386 1
1387 6
1388 4
1389 2
1390 7
1391 5
1392 5
1393 8
1394 1
1395 3
1396 3
1397 7
1398 4
1399 7
1400 7
1401 2
1402 3
1403 3
1404 3
1405 5
1406 3
1407 4
1408 5
1410 3
1411 5
1412 6
1413 2
1414 4
1415 4
1416 6
1417 4
1418 1
1419 4
1420 3
1421 3
1422 3
1423 4
1424 1
1425 2
1426 2
1427 3
1428 5
1429 2
1430 5
1431 3
1432 2
1433 5
1434 3
1435 4
1436 2
1439 3
1440 4
1441 2
1442 1
1443 5
1445 4
1446 5
1447 4
1448 2
1449 5
1450 2
1451 3
1452 4
1453 5
1454 7
1455 3
1456 3
1457 6
1458 6
1459 5
1460 2
1461 6
1462 1
1463 3
1464 6
1465 5
1466 2
1467 4
1468 2
1469 3
1470 5
1471 4
1472 1
1473 3
1474 2
1475 5
1476 3
1477 2
1479 4
1480 6
1481 6
1482 4
1483 5
1484 6
1485 7
1486 2
1487 4
1488 2
1489 4
1490 4
1491 2
1492 5
1493 4
1494 2
1495 4
1496 5
1497 2
1498 1
1499 2
1500 3
1501 5
1502 4
1503 5
1504 3
1505 1
1506 3
1507 6
1508 1
1509 5
1510 2
1511 1
1512 3
1513 5
1514 3
1515 1
1516 5
1517 3
1518 6
1519 6
1520 3
1521 1
1522 4
1523 3
1524 1
1525 4
1526 5
1527 7
1528 2
1529 3
1530 5
1531 2
1532 9
1533 5
1534 5
1535 2
1536 3
1537 3
1538 3
1539 4
1540 7
1541 3
1542 3
1543 4
1544 5
1545 2
1546 2
1547 3
1548 4
1549 5
1550 5
1551 2
1552 3
1553 5
1554 3
1555 2
1556 3
1557 5
1558 1
1559 3
1560 4
1561 3
1562 3
1563 3
1564 3
1565 4
1567 4
1568 8
1569 1
1570 3
1572 4
1573 2
1574 4
1575 3
1576 5
1577 6
1578 2
1579 3
1580 1
1581 3
1582 3
1583 1
1584 4
1585 3
1586 3
1587 2
1588 1
1589 3
1590 5
1591 4
1592 5
1593 8
1594 4
1595 3
1596 3
1597 3
1598 1
1599 3
1600 1
1601 2
1602 5
1603 2
1604 4
1605 2
1606 4
1607 2
1608 2
1609 3
1610 4
1611 3
1612 3
1613 4
1614 2
1615 2
1616 7
1617 4
1618 5
1619 2
1620 4
1621 4
1622 5
1623 6
1624 5
1625 4
1626 2
1627 5
1628 3
1629 7
1630 2
1631 9
1632 2
1633 3
1634 6
1635 2
1636 4
1637 8
1638 1
1639 4
1640 4
1641 2
1642 4
1643 4
1644 6
1645 4
1646 5
1647 4
1648 2
1649 1
1650 4
1651 4
1652 4
1653 1
1654 2
1655 5
1656 2
1657 1
1658 1
1659 3
1660 5
1661 2
1662 1
1663 7
1664 2
1665 2
1666 3
1668 1
1669 3
1670 3
1671 6
1672 1
1674 4
1675 4
1677 1
1678 6
1679 4
1680 4
1681 3
1682 5
1683 3
1684 3
1685 1
1686 3
1687 2
1688 1
1689 2
1690 5
1691 2
1692 2
1693 2
1694 6
1695 5
1696 5
1697 2
1698 2
1699 5
1700 5
1701 4
1703 4
1704 3
1705 6
1706 2
1707 1
1708 3
1709 4
1710 2
1711 3
1712 4
1713 8
1714 2
1716 3
1717 3
1718 4
1719 4
1721 1
1722 2
1723 1
1725 4
1726 3
1727 3
1728 3
1729 1
1730 1
1731 1
1732 3
1733 2
1734 3
1735 2
1736 2
1737 5
1738 1
1740 3
1741 5
1742 3
1743 4
1744 2
1745 1
1746 2
1747 6
1748 6
1749 5
1750 2
1751 2
1752 2
1753 2
1754 2
1755 4
1756 4
1757 6
1758 1
1759 2
1760 3
1762 3
1764 1
1765 1
1766 3
1767 4
1768 1
1769 1
1770 3
1771 8
1772 6
1773 4
1774 7
1775 5
1776 3
1777 1
1778 2
1779 2
1780 5
1781 3
1782 2
1783 4
1784 2
1785 3
1786 5
1787 1
1788 3
1789 2
1790 4
1791 3
1792 3
1793 3
1794 3
1795 6
1796 1
1797 2
1798 3
1800 4
1801 2
1802 1
1803 4
1804 3
1805 1
1806 1
1807 4
1808 1
1809 1
1810 3
1811 2
1812 5
1813 2
1814 2
1815 6
1816 5
1817 2
1818 2
1819 2
1820 1
1822 3
1823 3
1824 1
1825 2
1826 4
1827 2
1828 2
1829 1
1830 1
1831 3
1832 2
1833 4
1834 2
1835 1
1837 3
1838 2
1839 2
1840 1
1841 1
1842 3
1843 3
1844 2
1845 2
1846 4
1847 3
1848 4
1850 5
1851 3
1853 3
1854 3
1855 2
1856 7
1857 3
1858 3
1859 2
1860 5
1861 4
1862 2
1864 3
1865 1
1866 6
1868 2
1869 1
1870 2
1871 5
1872 2
1873 5
1874 5
1875 3
1876 2
1878 2
1879 1
1880 2
1882 2
1884 3
1885 7
1887 1
1888 3
1890 2
1892 1
1893 3
1895 1
1896 4
1897 1
1898 3
1899 2
1900 3
1901 3
1902 3
1903 3
1904 2
1905 5
1906 2
1908 2
1909 2
1910 2
1911 2
1912 4
1913 1
1915 3
1916 2
1917 1
1918 4
1919 1
1920 3
1921 1
1922 2
1923 2
1924 3
1926 4
1927 3
1928 1
1929 5
1930 2
1931 7
1932 2
1933 2
1934 4
1935 2
1936 2
1938 3
1939 5
1940 2
1941 1
1942 4
1943 1
1944 1
1945 4
1946 2
1947 1
1948 3
1949 3
1950 5
1951 3
1953 3
1954 2
1955 2
1957 1
1958 3
1959 3
1960 3
1961 3
1962 1
1964 3
1965 1
1966 5
1967 3
1968 2
1969 2
1970 1
1971 3
1972 4
1973 5
1974 3
1975 2
1976 5
1977 1
1978 3
1979 3
1980 2
1981 3
1982 4
1983 5
1985 2
1986 1
1987 3
1988 2
1989 3
1990 1
1991 5
1992 1
1993 2
1994 2
1995 2
1996 3
1997 1
1998 1
1999 3
2000 4
2001 6
2002 5
2003 1
2004 3
2005 6
2006 2
2007 2
2008 2
2009 2
2010 4
2011 1
2012 1
2014 3
2015 3
2016 3
2018 2
2019 4
2020 1
2021 1
2022 1
2023 2
2024 1
2025 3
2026 1
2027 1
2028 2
2029 4
2030 1
2031 1
2032 3
2034 5
2035 1
2036 5
2038 4
2040 1
2041 3
2044 2
2045 1
2046 1
2047 1
2048 4
2049 1
2050 4
2051 1
2052 1
2054 3
2055 2
2056 4
2057 3
2058 1
2059 2
2060 1
2061 4
2063 5
2064 1
2065 3
2067 2
2068 2
2070 2
2071 4
2072 3
2073 2
2074 4
2075 2
2076 1
2077 3
2078 2
2079 1
2080 2
2081 1
2083 1
2084 1
2085 2
2086 5
2087 2
2089 4
2090 1
2091 3
2093 3
2094 3
2095 5
2096 1
2097 2
2098 3
2100 3
2101 4
2102 2
2105 1
2106 3
2107 3
2108 4
2110 2
2111 1
2112 1
2114 2
2115 2
2116 1
2117 2
2118 1
2119 1
2120 2
2121 2
2123 2
2124 3
2125 1
2127 1
2128 1
2130 1
2131 1
2132 4
2133 2
2134 2
2135 2
2136 1
2138 3
2139 3
2140 1
2141 3
2143 4
2144 1
2145 3
2146 3
2147 2
2148 3
2149 1
2150 4
2151 3
2153 1
2154 2
2155 2
2156 1
2157 3
2158 1
2159 2
2160 1
2161 3
2162 5
2163 2
2164 1
2165 1
2166 3
2167 2
2169 2
2170 4
2171 1
2172 3
2174 2
2175 3
2176 4
2177 2
2178 3
2179 3
2180 3
2181 2
2182 2
2183 1
2184 3
2187 1
2188 2
2189 1
2190 3
2191 2
2192 3
2193 2
2194 2
2195 3
2196 1
2197 1
2198 4
2199 2
2200 3
2201 2
2202 4
2205 1
2206 1
2207 2
2209 3
2210 4
2211 2
2212 2
2213 3
2214 1
2215 4
2216 3
2217 1
2218 3
2219 2
2220 3
2221 1
2222 3
2223 2
2224 3
2226 1
2227 3
2228 3
2229 3
2231 4
2232 3
2233 5
2234 3
2235 1
2236 1
2237 2
2238 1
2239 2
2240 1
2241 2
2243 4
2244 4
2245 3
2246 1
2247 1
2248 2
2249 1
2250 1
2251 1
2252 1
2253 2
2254 1
2255 3
2256 2
2257 2
2258 1
2260 3
2261 2
2262 3
2263 1
2264 4
2265 3
2266 1
2267 2
2268 1
2270 1
2271 2
2272 2
2275 4
2276 3
2278 1
2279 1
2280 5
2281 2
2282 3
2285 2
2287 2
2288 3
2289 2
2290 2
2291 1
2292 3
2293 2
2294 1
2295 2
2296 2
2297 2
2298 2
2299 1
2300 1
2301 1
2302 5
2303 1
2304 4
2305 1
2306 1
2309 3
2310 2
2312 5
2313 1
2315 1
2317 3
2318 2
2319 1
2320 4
2321 1
2322 5
2323 1
2325 1
2326 3
2327 2
2328 1
2329 4
2331 1
2332 1
2333 1
2334 2
2335 1
2336 1
2337 3
2338 3
2339 2
2340 2
2341 2
2342 5
2343 2
2344 2
2346 1
2347 3
2348 3
2349 2
2350 4
2351 1
2352 3
2353 2
2354 2
2355 1
2356 1
2357 1
2358 1
2359 1
2360 2
2361 5
2362 5
2363 1
2364 1
2365 1
2366 1
2368 1
2369 1
2371 2
2372 1
2373 3
2374 2
2375 1
2376 1
2377 3
2381 1
2382 2
2383 3
2384 1
2385 1
2386 1
2387 1
2388 1
2389 2
2390 2
2392 3
2393 1
2394 5
2395 3
2396 3
2397 1
2398 2
2399 1
2400 2
2401 1
2402 2
2403 2
2404 3
2405 2
2406 3
2407 3
2408 1
2410 1
2412 2
2413 1
2414 2
2415 2
2416 1
2417 2
2418 5
2419 2
2421 2
2422 1
2423 1
2424 3
2425 1
2426 1
2427 2
2428 2
2429 2
2430 2
2432 1
2434 2
2437 3
2438 2
2439 1
2440 1
2441 1
2443 6
2444 3
2446 1
2447 3
2449 1
2450 1
2451 2
2452 1
2453 3
2454 1
2455 4
2458 2
2460 3
2461 2
2463 1
2464 1
2465 2
2466 2
2467 3
2468 1
2469 1
2470 4
2472 3
2474 2
2475 3
2477 1
2478 1
2479 2
2480 2
2481 3
2483 1
2484 4
2486 1
2487 5
2488 1
2489 4
2490 2
2491 1
2492 2
2493 2
2494 1
2495 1
2496 1
2497 1
2499 1
2500 1
2501 2
2502 4
2503 2
2504 1
2505 1
2506 1
2507 1
2508 2
2510 4
2511 3
2512 1
2513 1
2514 1
2515 1
2516 3
2517 2
2518 2
2519 2
2521 2
2522 1
2524 3
2526 1
2527 2
2528 5
2529 3
2530 1
2531 2
2532 1
2533 1
2534 1
2535 1
2536 1
2537 1
2538 2
2539 2
2540 2
2541 2
2542 1
2543 1
2544 1
2546 1
2547 3
2548 2
2549 1
2550 1
2551 2
2552 1
2554 3
2555 3
2556 2
2558 1
2559 3
2560 2
2561 3
2562 1
2563 1
2564 3
2565 2
2566 1
2567 3
2569 2
2570 2
2571 1
2572 3
2573 3
2574 1
2575 1
2576 1
2577 2
2579 3
2580 1
2581 1
2582 2
2584 2
2585 2
2586 1
2587 2
2588 3
2589 1
2590 1
2592 1
2593 1
2594 1
2595 2
2596 3
2597 1
2598 2
2599 1
2600 2
2602 1
2605 3
2606 1
2607 1
2610 2
2613 3
2615 2
2616 2
2619 1
2620 2
2622 2
2624 3
2625 2
2627 4
2628 1
2629 2
2630 2
2631 2
2632 1
2633 2
2634 3
2637 2
2638 1
2640 1
2641 2
2642 2
2643 2
2645 2
2646 3
2647 4
2648 1
2649 1
2650 1
2651 1
2653 1
2654 1
2655 1
2656 2
2657 1
2658 2
2659 1
2660 2
2661 1
2663 1
2664 1
2665 1
2666 1
2668 1
2670 2
2671 2
2672 3
2675 1
2676 2
2677 2
2678 1
2679 4
2680 1
2682 1
2683 2
2684 3
2685 1
2686 4
2688 2
2689 6
2690 2
2692 4
2693 1
2696 1
2697 2
2698 1
2699 1
2701 1
2702 1
2703 2
2705 1
2706 2
2708 2
2709 3
2710 2
2711 1
2712 3
2713 1
2714 5
2715 1
2716 4
2717 4
2718 3
2719 3
2721 2
2722 4
2723 1
2724 1
2725 2
2726 4
2727 3
2728 2
2729 1
2731 2
2732 4
2733 1
2734 4
2735 1
2736 1
2738 1
2740 2
2741 2
2742 1
2743 1
2745 1
2746 2
2747 3
2749 1
2750 4
2751 2
2752 1
2753 1
2754 1
2755 1
2756 4
2757 1
2758 1
2761 3
2762 1
2763 2
2764 2
2766 4
2767 2
2769 3
2771 1
2773 1
2775 1
2776 3
2779 3
2780 3
2781 1
2784 3
2785 2
2786 1
2787 2
2788 3
2789 1
2790 1
2791 1
2792 2
2793 2
2794 5
2795 3
2798 2
2799 1
2800 1
2801 1
2802 2
2803 4
2804 1
2805 2
2806 1
2808 4
2810 1
2811 4
2812 1
2813 1
2814 1
2815 2
2816 4
2817 4
2818 1
2820 1
2821 3
2822 1
2823 1
2824 2
2826 2
2827 1
2829 1
2830 1
2831 1
2833 2
2834 2
2836 3
2837 1
2838 1
2839 1
2840 3
2841 1
2843 1
2844 2
2845 1
2849 1
2850 1
2851 1
2852 1
2853 2
2854 1
2855 1
2856 2
2858 1
2859 2
2860 3
2861 1
2863 1
2865 1
2866 3
2867 2
2868 3
2869 1
2870 2
2871 2
2872 4
2874 1
2875 1
2876 1
2878 1
2880 4
2881 1
2882 1
2884 1
2885 1
2888 4
2889 1
2890 1
2891 1
2892 2
2894 2
2895 1
2897 2
2900 1
2902 2
2904 1
2905 2
2907 2
2908 2
2910 1
2911 1
2912 1
2913 1
2914 2
2915 2
2916 1
2917 3
2920 2
2921 1
2922 2
2924 4
2925 1
2927 1
2929 2
2930 1
2931 2
2932 2
2933 2
2934 2
2936 1
2937 5
2938 1
2939 1
2941 2
2942 1
2945 3
2946 2
2948 1
2951 3
2952 1
2953 2
2954 2
2956 3
2957 1
2958 2
2960 1
2962 1
2963 3
2964 1
2965 1
2966 1
2969 4
2970 4
2971 1
2972 1
2974 2
2975 2
2976 1
2977 1
2978 2
2979 1
2981 3
2982 2
2983 3
2984 2
2985 1
2986 2
2989 1
2992 2
2993 1
2994 1
2998 1
3002 1
3003 1
3004 1
3005 1
3006 2
3007 1
3008 3
3009 2
3011 1
3012 1
3014 1
3015 1
3016 4
3017 1
3019 1
3021 1
3022 2
3023 3
3024 1
3025 2
3026 3
3027 2
3028 3
3029 2
3030 4
3031 1
3032 1
3033 2
3034 1
3036 1
3038 1
3040 1
3041 1
3042 3
3043 1
3044 2
3045 2
3046 1
3047 2
3048 4
3049 2
3050 1
3051 1
3052 2
3053 1
3054 3
3056 1
3057 3
3058 2
3061 2
3062 2
3063 1
3064 1
3065 1
3066 1
3067 3
3070 2
3072 1
3075 2
3078 4
3080 1
3084 1
3087 1
3088 1
3089 1
3090 2
3091 1
3092 1
3094 3
3095 2
3098 1
3099 2
3100 2
3101 1
3103 1
3105 2
3107 2
3108 2
3109 1
3112 1
3113 2
3114 3
3116 1
3117 1
3118 2
3119 1
3120 3
3121 3
3122 1
3124 1
3126 1
3127 2
3128 1
3129 1
3133 1
3136 4
3137 1
3140 4
3141 1
3142 1
3146 1
3150 1
3151 1
3152 1
3153 1
3154 1
3156 1
3159 4
3160 1
3161 1
3162 2
3163 1
3165 1
3168 1
3169 1
3170 2
3171 1
3172 1
3173 1
3176 1
3178 1
3179 1
3180 2
3181 1
3182 1
3184 1
3186 1
3190 2
3193 1
3194 2
3195 1
3196 3
3199 3
3203 2
3204 1
3205 1
3206 2
3207 4
3213 1
3214 2
3216 1
3217 2
3218 1
3219 1
3220 3
3221 1
3222 1
3224 1
3225 4
3226 1
3228 1
3229 1
3230 1
3231 1
3232 3
3234 1
3236 1
3237 1
3239 1
3242 2
3244 1
3245 2
3246 1
3248 1
3249 1
3250 2
3251 1
3254 3
3257 1
3259 2
3261 3
3262 2
3265 2
3269 1
3271 1
3272 2
3273 3
3274 1
3275 1
3277 3
3278 1
3279 1
3281 1
3283 1
3284 1
3286 1
3287 3
3288 2
3289 1
3291 1
3292 1
3293 1
3294 1
3295 1
3297 2
3298 2
3300 1
3301 3
3307 1
3309 2
3310 3
3311 1
3312 1
3313 1
3315 1
3316 1
3318 1
3319 2
3320 1
3321 1
3322 1
3325 1
3328 1
3329 1
3330 1
3331 2
3332 4
3333 3
3334 2
3336 2
3339 1
3342 1
3345 2
3346 1
3348 1
3349 1
3351 1
3353 2
3358 1
3359 1
3360 2
3362 1
3365 1
3366 2
3369 1
3371 1
3372 1
3373 1
3374 1
3375 1
3376 2
3379 2
3380 3
3381 1
3382 3
3385 1
3387 2
3388 2
3389 1
3390 1
3391 2
3393 2
3395 2
3397 1
3398 1
3399 2
3401 1
3405 1
3408 2
3409 1
3410 1
3411 1
3412 2
3413 2
3414 2
3416 1
3418 1
3420 1
3422 1
3424 2
3425 2
3428 1
3429 1
3431 1
3433 2
3434 1
3435 1
3436 3
3437 1
3439 2
3440 2
3441 1
3443 1
3451 1
3453 1
3455 3
3456 1
3457 1
3460 1
3461 1
3464 1
3465 1
3466 1
3468 3
3469 2
3473 3
3474 4
3475 3
3476 1
3478 2
3480 1
3481 1
3482 1
3483 1
3484 2
3487 1
3488 2
3489 1
3491 2
3492 1
3495 1
3498 1
3499 1
3500 1
3501 1
3504 1
3506 4
3508 1
3509 1
3510 1
3514 1
3516 1
3518 1
3520 1
3522 1
3526 1
3527 1
3532 1
3533 2
3538 1
3539 2
3541 1
3542 1
3543 1
3544 2
3545 2
3546 1
3547 1
3548 1
3555 2
3558 1
3559 1
3561 1
3563 1
3564 1
3565 1
3567 1
3568 1
3570 3
3571 2
3572 1
3573 1
3575 1
3576 2
3577 2
3581 1
3582 1
3583 1
3584 1
3587 1
3588 1
3589 1
3590 1
3591 1
3592 1
3594 1
3596 1
3597 1
3598 1
3599 3
3601 1
3604 2
3607 1
3608 1
3610 1
3611 1
3612 1
3613 1
3614 1
3615 1
3616 1
3618 1
3619 1
3620 2
3621 1
3623 1
3625 1
3628 2
3629 1
3632 2
3634 1
3636 1
3640 2
3643 2
3645 3
3646 1
3648 2
3649 3
3650 1
3653 1
3655 1
3656 2
3657 4
3658 2
3659 2
3661 2
3663 2
3667 1
3668 3
3672 1
3674 1
3675 1
3676 2
3677 1
3678 1
3679 1
3680 1
3682 1
3683 1
3685 2
3686 1
3688 2
3690 1
3691 1
3692 2
3695 3
3696 3
3698 1
3700 3
3701 1
3704 1
3706 2
3707 1
3709 1
3710 2
3711 1
3712 2
3713 1
3714 1
3715 1
3716 3
3717 1
3719 2
3722 1
3723 2
3725 2
3727 1
3728 1
3730 1
3732 2
3733 2
3737 1
3738 1
3741 1
3742 2
3744 3
3745 1
3746 1
3749 1
3750 1
3752 1
3753 2
3754 1
3755 2
3756 1
3758 2
3761 2
3763 2
3764 1
3765 1
3767 1
3768 1
3770 1
3771 1
3772 1
3773 1
3774 1
3775 1
3778 1
3779 1
3781 1
3783 1
3788 1
3791 1
3792 1
3796 1
3803 1
3804 1
3807 1
3813 2
3814 2
3821 1
3823 2
3826 2
3830 1
3832 2
3833 1
3834 1
3835 2
3836 2
3838 1
3843 1
3846 3
3847 1
3849 1
3850 1
3852 1
3854 3
3858 1
3862 2
3863 1
3865 3
3866 2
3867 1
3869 3
3874 2
3876 3
3877 1
3879 1
3880 1
3881 2
3883 1
3889 1
3892 1
3897 1
3899 1
3901 1
3904 1
3907 1
3909 1
3910 3
3911 2
3912 1
3913 2
3914 3
3915 1
3917 1
3919 1
3921 1
3922 1
3925 1
3927 2
3928 1
3929 1
3930 1
3932 1
3935 1
3936 1
3938 2
3939 1
3941 1
3945 1
3946 2
3949 1
3950 2
3951 1
3952 2
3953 2
3956 3
3957 1
3958 1
3959 1
3961 1
3965 1
3967 1
3968 2
3970 1
3972 1
3978 1
3979 1
3980 1
3984 1
3985 1
3986 2
3987 1
3988 1
3989 1
3990 1
3991 2
3994 1
3995 1
3999 1
4000 1
4001 1
4003 2
4004 1
4006 1
4007 1
4009 1
4012 1
4014 2
4019 2
4023 1
4026 1
4027 1
4030 1
4031 1
4032 1
4033 2
4034 1
4035 1
4037 3
4039 2
4040 3
4041 1
4042 2
4044 1
4045 1
4047 2
4052 2
4053 3
4054 1
4055 1
4057 2
4059 2
4067 1
4068 1
4069 2
4073 1
4077 1
4079 1
4080 1
4081 2
4082 2
4084 2
4085 1
4090 1
4092 1
4094 1
4095 2
4099 5
4101 2
4103 1
4104 3
4107 1
4109 2
4110 1
4111 1
4117 2
4124 2
4125 2
4130 1
4131 1
4135 1
4136 1
4137 1
4140 1
4141 1
4142 1
4145 1
4146 2
4147 1
4149 1
4152 1
4154 1
4156 1
4157 1
4159 1
4162 1
4163 1
4165 4
4166 1
4167 2
4168 1
4169 4
4170 1
4173 2
4174 2
4175 2
4176 1
4178 2
4179 1
4180 1
4181 1
4182 1
4184 1
4185 1
4186 1
4189 1
4191 1
4193 2
4196 2
4202 1
4205 1
4207 2
4209 1
4212 2
4213 2
4214 2
4215 2
4217 2
4219 2
4221 1
4223 1
4224 1
4226 1
4229 1
4233 2
4235 1
4236 1
4237 1
4240 1
4244 1
4245 1
4246 2
4247 1
4250 1
4252 2
4253 2
4256 1
4258 1
4262 1
4265 1
4266 2
4269 1
4270 1
4271 1
4273 1
4276 3
4279 2
4280 1
4282 3
4287 1
4289 2
4290 1
4291 1
4296 2
4299 1
4300 1
4301 2
4304 1
4305 1
4306 1
4309 2
4311 3
4313 2
4317 2
4318 1
4322 1
4323 1
4325 1
4326 1
4327 2
4328 1
4330 1
4331 2
4333 1
4335 1
4337 1
4339 2
4341 1
4343 1
4344 2
4345 2
4350 1
4353 2
4356 1
4357 1
4360 1
4363 1
4365 1
4366 2
4367 1
4368 1
4372 1
4380 2
4383 1
4385 1
4387 3
4390 1
4395 1
4402 1
4403 1
4404 1
4406 2
4408 2
4409 1
4410 1
4413 1
4416 2
4417 1
4420 1
4421 2
4422 1
4425 1
4426 1
4427 1
4430 2
4432 1
4436 1
4437 1
4443 1
4446 4
4448 1
4452 1
4454 1
4455 1
4456 1
4457 1
4459 2
4460 1
4464 1
4466 1
4467 1
4469 1
4470 1
4474 2
4476 2
4480 1
4482 1
4486 2
4487 1
4490 1
4494 1
4495 2
4498 2
4499 2
4504 1
4506 2
4515 1
4521 1
4522 1
4523 1
4524 1
4526 1
4527 1
4530 1
4531 2
4532 1
4536 1
4537 2
4542 1
4544 1
4545 2
4547 1
4548 1
4550 3
4551 2
4552 1
4557 1
4558 1
4559 1
4561 1
4562 1
4570 2
4572 1
4573 1
4586 2
4592 1
4595 1
4597 2
4600 1
4602 1
4606 1
4609 1
4610 2
4612 1
4613 1
4615 2
4616 2
4619 1
4622 1
4623 2
4628 1
4629 1
4633 2
4635 1
4638 1
4641 1
4643 1
4649 1
4650 1
4651 1
4652 1
4654 1
4656 1
4658 1
4659 1
4661 1
4662 1
4663 2
4665 1
4666 2
4667 1
4670 1
4672 1
4675 1
4678 1
4682 1
4688 1
4689 1
4691 1
4693 1
4694 1
4695 1
4696 1
4697 1
4698 1
4699 2
4701 1
4703 2
4707 1
4709 1
4710 2
4712 1
4713 1
4715 1
4719 2
4721 1
4722 1
4723 1
4725 1
4727 1
4728 3
4730 1
4732 1
4736 1
4743 2
4748 1
4750 1
4752 1
4755 2
4756 1
4758 2
4760 1
4761 1
4762 1
4768 1
4769 1
4774 1
4775 1
4776 1
4779 1
4780 1
4783 1
4784 2
4788 1
4792 2
4794 1
4798 1
4800 1
4802 1
4809 1
4810 2
4811 1
4817 2
4819 1
4821 1
4822 1
4823 1
4828 2
4829 1
4831 1
4834 2
4835 1
4837 1
4839 1
4843 1
4846 1
4849 1
4854 2
4861 1
4862 1
4869 2
4871 1
4874 1
4875 1
4877 1
4880 1
4885 1
4891 2
4893 1
4894 3
4895 1
4896 1
4900 2
4901 1
4902 3
4903 1
4904 1
4905 2
4906 1
4907 2
4912 1
4914 1
4916 1
4919 1
4922 1
4932 2
4934 1
4937 1
4941 2
4942 1
4949 2
4951 1
4953 1
4957 1
4968 1
4969 2
4971 1
4973 2
4975 1
4978 1
4985 1
4989 1
4992 1
4993 1
4997 1
4999 1
5003 1
5011 1
5014 1
5016 1
5018 2
5023 2
5027 1
5028 1
5032 1
5033 1
5040 2
5041 1
5042 1
5046 1
5047 1
5053 1
5054 2
5068 2
5071 1
5072 1
5073 1
5077 1
5079 1
5085 2
5086 1
5087 1
5092 1
5093 2
5095 1
5097 1
5098 1
5102 1
5107 1
5112 1
5118 1
5121 2
5122 1
5124 2
5125 1
5128 1
5129 1
5130 1
5132 1
5133 1
5134 1
5137 1
5138 2
5141 1
5146 2
5147 1
5149 1
5150 1
5154 1
5160 1
5163 1
5165 1
5166 1
5167 2
5173 1
5175 1
5176 1
5177 2
5179 2
5184 1
5194 1
5197 1
5205 1
5211 2
5212 1
5216 2
5217 1
5220 2
5222 1
5223 1
5224 1
5225 1
5228 1
5229 1
5230 2
5233 1
5235 3
5237 1
5247 1
5250 1
5252 1
5264 1
5266 1
5268 1
5269 1
5272 1
5277 1
5280 1
5283 3
5285 1
5292 1
5294 1
5295 1
5298 2
5299 1
5302 1
5307 1
5309 1
5311 1
5312 2
5314 2
5316 1
5317 1
5318 2
5322 2
5324 1
5327 1
5328 2
5331 2
5333 2
5335 1
5337 1
5339 2
5340 1
5341 1
5346 1
5352 2
5356 1
5359 1
5360 2
5361 1
5362 1
5367 1
5368 1
5375 1
5379 1
5382 1
5385 2
5392 1
5397 2
5398 2
5399 1
5400 1
5402 1
5411 1
5419 1
5423 1
5429 1
5433 1
5434 1
5435 1
5436 1
5441 1
5444 1
5450 1
5451 2
5453 1
5455 1
5467 1
5468 1
5476 2
5479 1
5482 1
5495 1
5498 1
5499 1
5501 1
5504 1
5506 1
5510 1
5512 2
5513 1
5520 1
5521 1
5529 1
5531 1
5532 1
5533 1
5538 1
5540 1
5541 1
5542 1
5554 1
5555 1
5561 1
5566 1
5569 2
5574 2
5581 1
5583 1
5586 1
5587 1
5590 1
5595 1
5601 1
5603 1
5604 1
5618 1
5628 1
5631 1
5633 1
5639 1
5641 1
5646 1
5647 1
5649 1
5652 2
5665 2
5667 1
5672 1
5677 1
5681 1
5684 1
5694 1
5696 1
5697 1
5698 2
5706 1
5709 1
5713 1
5714 1
5716 2
5718 1
5723 1
5725 1
5726 1
5730 1
5736 1
5738 2
5740 1
5741 1
5745 2
5747 1
5753 1
5762 1
5764 1
5770 1
5777 1
5780 1
5786 1
5788 1
5795 1
5799 1
5800 1
5811 1
5813 2
5814 1
5815 1
5816 2
5819 1
5824 2
5827 1
5829 1
5830 1
5836 1
5837 1
5840 1
5847 2
5848 1
5857 1
5858 1
5859 1
5861 1
5868 1
5876 1
5883 1
5886 1
5888 2
5890 1
5892 1
5893 2
5895 1
5898 1
5904 1
5905 1
5908 1
5912 1
5919 1
5925 1
5929 1
5936 1
5938 1
5944 1
5945 1
5946 1
5947 1
5954 3
5958 1
5961 1
5962 1
5963 1
5969 1
5971 1
5973 2
5979 1
5996 1
5997 1
6011 1
6012 1
6016 2
6017 1
6023 1
6024 1
6030 1
6036 2
6040 1
6047 1
6048 2
6050 1
6058 1
6060 1
6063 1
6081 2
6085 1
6087 1
6103 2
6106 2
6109 1
6112 1
6113 1
6115 1
6118 1
6120 1
6137 1
6141 1
6142 1
6144 1
6147 1
6148 1
6149 1
6158 1
6159 1
6165 1
6182 1
6185 2
6190 1
6193 1
6194 1
6196 1
6200 1
6202 1
6203 2
6205 1
6212 1
6223 1
6231 1
6233 1
6235 1
6236 1
6240 1
6243 1
6244 1
6246 1
6250 1
6260 1
6261 2
6264 1
6267 2
6268 1
6272 1
6282 1
6286 1
6291 1
6297 1
6307 1
6308 2
6317 1
6320 1
6322 1
6324 2
6326 1
6327 1
6334 1
6335 1
6339 1
6343 1
6350 1
6356 1
6371 2
6375 1
6376 1
6381 1
6382 2
6385 1
6387 2
6400 1
6401 2
6402 1
6403 1
6406 1
6417 1
6418 1
6424 1
6429 2
6430 2
6431 1
6435 1
6439 1
6440 1
6446 1
6447 1
6450 1
6451 1
6454 1
6455 1
6465 1
6467 1
6468 1
6470 1
6474 1
6478 1
6480 1
6481 1
6489 1
6499 1
6502 1
6505 1
6514 1
6516 1
6526 1
6531 2
6533 1
6540 1
6543 1
6545 1
6550 1
6554 1
6562 1
6563 1
6578 1
6579 1
6580 1
6583 1
6589 1
6590 1
6591 1
6594 1
6595 1
6596 1
6597 1
6605 1
6608 1
6616 1
6629 1
6634 1
6638 1
6642 3
6643 1
6648 1
6657 1
6659 1
6670 1
6681 1
6683 1
6684 2
6685 1
6687 1
6693 1
6697 1
6698 1
6707 1
6718 1
6720 1
6721 1
6725 1
6729 1
6734 1
6736 2
6740 1
6741 1
6750 2
6766 2
6768 1
6783 1
6792 1
6795 1
6800 1
6802 1
6804 1
6807 1
6810 1
6818 1
6820 1
6824 1
6827 1
6828 1
6831 1
6835 1
6841 1
6844 2
6849 3
6851 1
6852 1
6856 1
6857 1
6869 2
6872 3
6889 1
6892 1
6895 2
6903 1
6912 1
6916 1
6920 1
6921 1
6922 1
6926 1
6929 1
6934 1
6937 1
6941 2
6953 1
6955 1
6959 1
6962 1
6965 1
6969 1
6971 1
6976 1
6979 1
6981 1
6982 1
6983 1
6992 1
6993 1
6994 1
6996 1
6998 1
7003 1
7008 1
7011 1
7022 1
7031 1
7034 1
7041 1
7042 1
7049 1
7056 1
7058 1
7060 1
7067 2
7075 1
7084 1
7092 1
7094 1
7095 2
7099 1
7105 1
7106 1
7111 1
7117 1
7121 1
7123 1
7134 1
7135 1
7136 1
7139 2
7146 2
7147 1
7149 1
7154 1
7158 1
7160 1
7169 1
7171 2
7176 1
7179 1
7183 1
7185 1
7187 2
7199 1
7208 1
7219 1
7225 1
7230 2
7231 1
7235 1
7237 1
7238 1
7245 1
7257 1
7259 1
7262 1
7263 1
7271 1
7281 1
7284 1
7285 1
7293 1
7294 1
7319 1
7322 1
7326 1
7331 1
7333 1
7336 1
7340 1
7355 1
7356 1
7358 1
7361 1
7363 1
7376 1
7378 2
7387 1
7393 1
7394 1
7398 1
7405 1
7407 1
7410 1
7419 1
7423 1
7431 1
7433 1
7443 1
7455 1
7457 2
7458 1
7463 1
7464 1
7465 1
7466 1
7482 1
7487 1
7494 1
7520 1
7522 1
7530 1
7531 1
7534 1
7541 1
7546 1
7548 2
7554 1
7561 1
7563 1
7571 1
7577 1
7586 1
7590 1
7594 1
7598 1
7600 1
7607 1
7614 1
7623 1
7627 2
7642 1
7643 1
7646 1
7663 1
7666 1
7672 2
7675 1
7688 1
7690 1
7694 1
7700 1
7704 1
7708 1
7715 1
7733 1
7738 1
7741 1
7743 1
7756 1
7764 1
7776 1
7777 1
7794 1
7795 1
7800 1
7804 1
7835 1
7837 1
7851 2
7873 1
7886 1
7893 1
7903 1
7909 1
7920 1
7927 1
7928 1
7933 1
7948 1
7950 2
7961 1
7996 2
7997 1
7998 1
8004 1
8007 1
8019 1
8025 1
8026 1
8028 1
8039 1
8040 1
8042 1
8055 1
8056 1
8058 2
8059 1
8066 1
8071 1
8074 2
8088 1
8100 1
8106 2
8107 1
8114 1
8116 2
8118 1
8121 1
8124 1
8125 1
8129 1
8153 3
8156 1
8176 1
8178 2
8182 1
8196 1
8197 1
8201 1
8209 1
8216 1
8217 1
8221 1
8222 1
8229 1
8233 1
8234 1
8253 1
8269 1
8272 1
8278 1
8279 1
8284 1
8300 1
8301 1
8303 1
8309 1
8322 1
8329 1
8332 1
8335 1
8336 1
8339 1
8344 1
8346 1
8354 1
8368 1
8376 1
8388 1
8391 1
8397 1
8401 2
8402 1
8407 1
8413 1
8433 1
8439 1
8483 1
8485 1
8501 1
8503 1
8550 1
8553 1
8584 1
8615 1
8616 1
8619 1
8624 1
8648 1
8655 1
8661 1
8662 1
8668 1
8691 1
8702 1
8724 1
8734 1
8739 1
8764 1
8771 1
8784 1
8795 1
8797 1
8813 1
8816 1
8830 1
8843 1
8853 1
8860 1
8861 1
8876 1
8879 1
8894 1
8916 1
8917 1
8924 1
8926 1
8932 2
8933 2
8944 1
8950 1
8961 1
8993 1
8994 2
9004 1
9007 1
9009 1
9010 1
9012 1
9025 1
9027 1
9048 1
9076 1
9097 1
9113 1
9116 1
9124 1
9126 1
9131 1
9191 1
9196 1
9216 1
9218 1
9219 1
9228 1
9231 1
9239 1
9240 1
9256 1
9257 1
9260 1
9270 1
9323 1
9339 1
9343 2
9360 1
9362 1
9364 1
9372 1
9373 1
9377 1
9381 1
9401 1
9405 1
9426 1
9440 1
9448 2
9452 1
9457 1
9471 1
9479 3
9505 1
9516 1
9517 1
9529 2
9536 1
9542 1
9555 1
9557 1
9560 1
9565 1
9567 1
9590 1
9595 1
9597 1
9601 1
9613 2
9619 1
9626 1
9627 1
9631 1
9660 1
9690 1
9698 1
9701 1
9724 1
9733 2
9739 1
9748 1
9751 1
9754 1
9785 1
9797 1
9798 1
9799 1
9807 1
9826 1
9841 1
9858 1
9877 1
9882 1
9883 1
9894 1
9895 1
9898 1
9900 1
9920 1
9962 1
9964 1
9966 1
9974 1
9994 1
10002 1
10077 1
10096 1
10103 1
10124 1
10192 1
10198 1
10206 1
10208 1
10210 1
10215 1
10251 1
10278 1
10291 1
10316 1
10317 1
10349 1
10398 1
10399 1
10402 1
10418 1
10428 1
10430 1
10432 1
10455 1
10473 1
10481 1
10506 1
10515 1
10533 1
10546 1
10559 1
10590 3
10595 1
10611 1
10612 1
10654 1
10659 1
10683 1
10698 1
10720 1
10726 1
10736 1
10778 1
10782 1
10814 1
10821 1
10831 1
10852 2
10864 1
10877 1
10887 1
10920 1
10926 1
10928 1
10966 1
10979 1
11006 1
11022 1
11035 1
11044 1
11060 1
11065 1
11067 1
11096 1
11158 1
11206 1
11224 1
11232 1
11244 1
11267 1
11280 1
11284 1
11286 1
11292 1
11294 2
11297 1
11349 1
11376 1
11383 1
11386 1
11408 1
11428 1
11440 1
11467 1
11468 1
11472 1
11488 1
11490 1
11517 1
11530 1
11536 1
11559 1
11582 1
11617 1
11656 1
11715 1
11741 1
11754 1
11790 1
11857 1
11859 1
11863 1
11959 1
11968 1
11971 1
11972 1
11975 1
12003 2
12022 1
12047 1
12048 2
12052 1
12073 1
12074 1
12087 1
12179 1
12223 1
12275 1
12301 1
12306 1
12310 1
12331 1
12336 1
12366 1
12378 1
12445 1
12452 1
12466 1
12496 1
12533 1
12543 1
12558 1
12559 1
12579 1
12597 1
12634 1
12643 1
12645 1
12669 1
12698 1
12700 2
12715 1
12736 1
12746 1
12768 1
12817 1
12845 1
12872 1
12888 1
12901 1
12957 1
13014 1
13064 1
13068 1
13124 1
13137 1
13141 1
13164 1
13183 1
13213 1
13214 1
13237 1
13263 1
13277 1
13307 1
13460 1
13463 1
13470 1
13485 1
13533 1
13555 1
13566 1
13616 1
13655 1
13683 1
13721 1
13746 1
13796 1
13807 1
13808 1
13812 1
13819 1
13838 1
13903 1
13920 1
13956 1
13981 1
14016 1
14025 1
14115 1
14169 1
14181 1
14220 1
14242 1
14257 1
14263 1
14357 1
14398 2
14427 3
14438 1
14506 1
14562 1
14578 1
14584 1
14634 1
14671 1
14674 1
14691 1
14758 1
14759 1
14771 1
14779 1
14807 1
14841 1
14862 1
14882 1
14943 1
14966 1
14967 1
14969 1
14974 1
14978 1
14980 1
15081 1
15125 1
15129 1
15202 1
15206 1
15270 1
15274 1
15354 1
15406 1
15441 1
15443 1
15461 1
15481 1
15508 1
15561 1
15590 1
15592 1
15637 1
15696 1
15807 1
15843 1
15853 1
15884 1
15974 1
16090 1
16224 1
16226 1
16266 1
16270 1
16301 1
16335 1
16348 1
16386 1
16434 1
16483 1
16522 1
16536 1
16591 1
16731 1
16831 1
16836 1
16887 1
16894 1
16944 1
17058 1
17079 1
17128 1
17134 1
17147 1
17234 1
17362 1
17422 1
17459 1
17470 1
17488 1
17519 1
17523 1
17688 1
17811 1
17834 1
17894 1
17955 1
17984 1
18130 1
18168 1
18169 1
18193 1
18259 1
18288 1
18316 1
18325 1
18357 1
18395 1
18458 1
18494 1
18516 1
18543 1
18643 1
18674 1
18696 1
18701 1
18769 1
18902 1
18948 1
19033 1
19086 1
19123 1
19151 1
19233 1
19237 1
19353 1
19619 1
19640 1
19711 1
19746 1
19918 1
20052 1
20054 1
20078 1
20127 1
20145 1
20229 1
20265 1
20324 1
20504 1
20641 1
20643 1
20747 1
20751 1
20825 1
20867 1
20900 1
21065 1
21114 1
21182 1
21200 1
21356 1
21364 1
21583 1
21937 1
21984 1
22169 1
22247 1
22273 1
22432 1
22473 1
22645 1
22723 1
22787 1
22788 1
23366 1
23377 1
23547 1
23686 1
23887 1
24135 1
24348 1
24426 1
24620 1
24700 1
24792 1
24823 1
24852 1
25241 1
25589 1
25632 1
25753 1
26577 1
26700 1
28005 1
28323 1
28327 1
28362 1
28693 1
29349 1
29350 1
29532 1
29938 1
29977 1
30037 1
30475 1
30985 1
31450 1
31722 1
32030 1
33245 1
34586 1
34613 1
34625 1
34641 1
35618 1
35786 1
35862 1
35872 1
36651 1
37107 1
37136 1
37244 1
37322 1
37497 1
39089 1
39202 1
39535 1
39811 1
41465 1
42153 1
43359 1
43864 1
44330 1
44670 1
45617 1
50376 1
51106 1
52342 1
54328 1
56996 1
57649 1
59006 1
61111 1
61751 1
65920 1
66417 1
75309 1
76685 1
83420 1
85697 1
86583 1
88503 1
100126 1
101587 1
104366 1
104754 1
108326 1
111267 1
148398 1
165212 1
175760 1
242244 1
317910 1
