0 422623
1 39190
2 8509
3 2733
4 1101
5 542
6 263
7 179
8 127
9 105
10 74
11 45
12 21
13 31
14 30
15 17
16 16
17 50
18 16
19 22
20 8
21 8
22 7
23 7
24 6
25 3
26 6
27 2
28 4
29 5
30 4
31 1
32 3
33 3
34 3
35 13
36 3
37 2
38 3
39 1
40 3
41 2
42 7
43 1
44 1
45 1
48 1
49 2
51 2
53 1
54 1
55 1
56 1
57 1
58 1
59 1
60 1
64 1
66 1
75 1
76 2
81 1
84 1
85 3
86 1
87 2
88 2
91 1
92 1
94 1
97 1
98 1
112 1
116 1
117 1
129 13
134 2
155 4
195 1
200 1
243 1
286 1
289 7
333 1
358 1
359 1
443 1
500 1
547 1
548 51
549 18
550 66
551 21
587 2
589 1
617 47
760 2
761 4
763 2
764 7
765 1
773 20
779 2
783 2
784 2
785 1
786 1
788 5
789 7
790 2
791 4
792 2
793 11
795 4
819 4
820 2
821 6
822 1
834 7
835 137
